84
O.gibbosus-KAG8183784.1       0.0000000 1.3748626 1.4285442 1.4112166 1.2487146 1.4709886 1.4757762 1.4757762 1.4073105 1.5397875 1.6703324 2.7886816 3.0527578 1.5453649 1.5507387 1.6598803 2.6159169 2.6471465 3.2325934 3.2367258 1.5484444 1.6327865 1.6327865 3.1089596 3.1089596 1.5507387 1.5399159 1.7400248 2.9443757 2.8496108 1.5248712 1.5248712 2.6570517 2.8242769 2.8242769 1.8103692 1.7860244 1.5247405 1.8605159 2.3521947 1.4553801 1.4549535 1.4419933 2.4773187 1.4105503 2.4647723 1.4652706 2.4068782 1.7392216 1.5600928 1.5787043 1.6276564 1.6276564 1.7769269 2.7099292 1.5448085 1.6095013 1.6916400 1.5856656 1.5228667 1.9932758 1.6039039 1.6516008 1.4908091 1.4930706 1.4773636 1.4209779 1.6595441 1.6537463 1.6564783 1.8280070 1.8218347 1.6014544 1.9095813 2.1729908 3.0187317 3.1120604 1.5156173 1.6619323 1.6659603 1.6538289 1.8455378 1.8333314 1.8062687 
O.gibbosus-KAG8183783.1       1.3748626 0.0000000 1.0455152 1.1998831 1.2666494 1.2130297 1.2025271 1.2025271 1.4580517 1.3845956 1.3569428 2.5023006 2.6038805 1.4196508 1.4003798 1.2843930 2.4772831 2.5076769 2.8770120 2.8928101 1.4447852 1.3996089 1.3996089 2.5469450 2.5469450 1.4003798 1.3679828 1.3335048 2.6870337 2.6779320 1.4276511 1.4276511 2.4681816 2.4564451 2.4564451 1.9603111 1.9420695 1.4753217 1.9972458 1.9886197 1.4352688 1.3865680 1.4228582 2.2332948 1.3705265 2.1791463 1.3800617 2.2910666 1.7000187 1.5002364 1.6264117 1.7055987 1.7055987 1.7175226 2.3216680 1.3410906 1.4909394 1.5341933 1.6973786 1.4207159 2.0422735 1.5130262 1.4906338 1.2237982 1.4211029 1.3983619 1.2846528 1.2734208 1.4236711 1.4234922 1.4298706 1.7853118 1.8498126 1.8720691 1.7454475 2.9380547 2.9019729 1.4318062 1.4062826 1.6503413 1.6769245 1.7205953 1.7022739 1.7571786 
O.gibbosus-KAG8186330.1       1.4285442 1.0455152 0.0000000 1.3898755 1.3918742 1.4573878 1.4461248 1.4461248 1.6067083 1.6718986 1.8418497 2.9747056 3.2161084 1.6462457 1.6365860 1.8126083 2.9912536 3.0288381 3.3571022 3.3863309 1.6831339 1.7411432 1.7411432 3.0889722 3.0889722 1.6365860 1.6249168 1.8720927 3.1604670 3.2156347 1.6522322 1.6522322 2.6647013 2.8774912 2.8774912 2.1010751 1.9743061 1.7806239 2.1685145 2.3632913 1.8147106 1.9036992 1.8359342 2.5116278 1.7395401 2.2215815 1.8772303 2.5845600 1.8933183 1.7076564 1.7851535 1.8902780 1.8902780 2.1109687 2.6282747 1.6175820 1.7160913 1.8167556 1.8251900 1.7684951 2.2100473 1.7404618 1.6965558 1.4585517 1.5613700 1.4991034 1.3525928 1.5922237 1.5902925 1.5910082 1.6749947 1.8682094 1.8424734 1.9493037 2.0199290 2.8949544 3.2027437 1.3374555 1.3917197 1.5677389 1.5914934 1.5991816 1.6124106 1.5988701 
T.californicus-TRY75264.1     1.4112166 1.1998831 1.3898755 0.0000000 0.6727190 0.9832596 0.9835287 0.9835287 1.1079908 1.2093639 1.3094451 2.5062887 2.7612647 1.2974269 1.3602085 1.3555073 2.5885747 2.6199590 2.7909340 2.7958692 1.3095844 1.2752110 1.2752110 2.6317611 2.6317611 1.3602085 1.3044688 1.3362860 2.4735890 2.6359751 1.2882138 1.2882138 4.8054169 2.7420539 2.7420539 1.7568016 1.6751681 1.3422094 1.6668318 1.6215178 1.2709555 1.3396079 1.2589030 2.0154367 1.2129795 1.9490039 1.3123031 2.2075962 1.4542439 1.2541583 1.2960689 1.3702622 1.3702622 1.4646994 2.2189380 1.3462982 1.3134493 1.5275816 1.3658212 1.2207321 1.8593635 1.2952836 1.3306045 0.8065855 1.2179248 1.1537775 0.9238759 1.0725501 1.3734319 1.4156273 1.6395740 1.5289264 1.5551845 1.5561340 1.9351464 2.8246409 2.5420515 0.8325249 0.9269941 1.2177087 1.1481546 1.3071172 1.2766499 1.2820466 
A.amphitrite-KAF0289584.1     1.2487146 1.2666494 1.3918742 0.6727190 0.0000000 0.9835894 0.9838510 0.9838510 1.0441996 1.2474952 1.3094826 2.5084359 2.5839091 1.2329209 1.3803767 1.3552404 2.4866487 2.5160855 2.5439276 2.5695343 1.2931610 1.2912793 1.2912793 2.5869154 2.5869154 1.3803767 1.1889149 1.3294841 2.3785984 2.7656433 1.2011938 1.2011938 3.7895178 2.5071608 2.5071608 1.6408873 1.6472294 1.3063833 1.6875478 1.5586486 1.1802606 1.2677950 1.1872611 1.8503472 1.1345724 1.9101597 1.2531158 2.1248738 1.5403623 1.1500823 1.2518238 1.3128107 1.3128107 1.4023397 1.8810291 1.2273883 1.3127789 1.6096933 1.2935466 1.1856476 1.7569644 1.2656811 1.3523236 1.0200528 1.0839295 1.1338361 0.9288487 0.8630731 1.3846947 1.3732615 1.7625770 1.4962937 1.4797692 1.4584785 1.8225902 2.8330290 2.7211060 0.8861065 0.9524175 1.1481189 1.0780527 1.3180183 1.2989090 1.2299288 
D.citri-KAI5736882.1          1.4709886 1.2130297 1.4573878 0.9832596 0.9835894 0.0000000 0.0033308 0.0033308 0.7820550 1.1053139 1.1823926 2.5211057 2.6677934 1.1992634 1.2421948 1.1882182 2.4503332 2.4788636 2.6876592 2.6760569 1.2001786 1.1872657 1.1872657 2.2753814 2.2753814 1.2421948 1.2182521 1.1682480 2.4183588 2.5319985 1.1914453 1.1914453 4.4329178 2.4142227 2.4142227 1.5700792 1.4755068 1.2153430 1.6537758 1.6454977 1.1371054 1.2546678 1.1320324 1.9421124 1.1150379 1.8300340 1.2618078 2.1051118 1.3317309 1.2143428 1.2388070 1.3346293 1.3346293 1.5817327 1.9146746 0.9059106 1.1611198 1.1866852 1.2581116 1.1493782 1.7106682 1.2862495 1.2534688 1.1069970 1.0279754 1.1032186 0.9264829 1.3655906 1.4685966 1.4693620 1.6118518 1.8867763 1.6999924 1.8305431 1.9327604 3.0592866 2.8500190 1.0390489 1.0828538 1.3211671 1.2890162 1.3917543 1.3725483 1.3892837 
D.citri-KAI5704272.1          1.4757762 1.2025271 1.4461248 0.9835287 0.9838510 0.0033308 0.0000000 0.0000010 0.7825451 1.1157110 1.1947617 2.5305367 2.6656220 1.2119255 1.2553909 1.1766269 2.4756562 2.5045439 2.7157245 2.7039851 1.2111588 1.1996908 1.1996908 2.2738277 2.2738277 1.2553909 1.2291594 1.1805175 2.3930220 2.5584301 1.2041724 1.2041724 4.4329178 2.4265498 2.4265498 1.5778843 1.4910192 1.2281236 1.6619534 1.6313188 1.1492467 1.2657856 1.1441312 1.9276510 1.1270690 1.8291163 1.2616846 2.1157205 1.3432279 1.2021911 1.2426003 1.3391914 1.3391914 1.5895861 1.9245688 0.9167804 1.1733518 1.1923976 1.2691063 1.1616448 1.7191271 1.2976035 1.2667334 1.0976508 1.0392960 1.0919199 0.9374008 1.3548502 1.4839106 1.4846634 1.6172942 1.8679069 1.7175360 1.8122411 1.9161867 3.0357235 2.8749422 1.0392444 1.0935759 1.3332157 1.2954755 1.3986395 1.3847464 1.4016389 
D.citri-KAI5704273.1          1.4757762 1.2025271 1.4461248 0.9835287 0.9838510 0.0033308 0.0000010 0.0000000 0.7825451 1.1157110 1.1947617 2.5305367 2.6656220 1.2119255 1.2553909 1.1766269 2.4756562 2.5045439 2.7157245 2.7039851 1.2111588 1.1996908 1.1996908 2.2738277 2.2738277 1.2553909 1.2291594 1.1805175 2.3930220 2.5584301 1.2041724 1.2041724 4.4329178 2.4265498 2.4265498 1.5778843 1.4910192 1.2281236 1.6619534 1.6313188 1.1492467 1.2657856 1.1441312 1.9276510 1.1270690 1.8291163 1.2616846 2.1157205 1.3432279 1.2021911 1.2426003 1.3391914 1.3391914 1.5895861 1.9245688 0.9167804 1.1733518 1.1923976 1.2691063 1.1616448 1.7191271 1.2976035 1.2667334 1.0976508 1.0392960 1.0919199 0.9374008 1.3548502 1.4839106 1.4846634 1.6172942 1.8679069 1.7175360 1.8122411 1.9161867 3.0357235 2.8749422 1.0392444 1.0935759 1.3332157 1.2954755 1.3986395 1.3847464 1.4016389 
D.citri-KAI5742064.1          1.4073105 1.4580517 1.6067083 1.1079908 1.0441996 0.7820550 0.7825451 0.7825451 0.0000000 1.2907984 1.4806460 2.5970262 2.9381937 1.3783882 1.4345227 1.4262066 2.4139115 2.4517547 3.0160397 3.0087743 1.4288477 1.3590260 1.3590260 2.8310842 2.8310842 1.4345227 1.3220450 1.4647012 2.8739105 2.6208134 1.3916291 1.3916291 3.2192336 2.5571688 2.5571688 1.6409737 1.6042575 1.4473954 1.6772784 1.7353854 1.3618438 1.4878599 1.3464033 2.0251987 1.3465043 1.9949408 1.4765122 2.1323891 1.6720277 1.3839173 1.3510407 1.3990882 1.3990882 1.7881106 2.1007675 0.8498190 1.3468277 1.1538445 1.3940847 1.3249635 1.7638730 1.5028631 1.5385457 1.2748475 1.2650074 1.2599154 1.0505553 1.4935354 1.7121975 1.6937338 1.7281446 1.8333756 1.7437372 2.0021367 2.1794489 2.9704839 2.5578314 1.2506841 1.3199451 1.5924905 1.5606332 1.6199839 1.6337175 1.5802463 
D.kikuchii-KAJ0181768.1       1.5397875 1.3845956 1.6718986 1.2093639 1.2474952 1.1053139 1.1157110 1.1157110 1.2907984 0.0000000 0.8109029 2.1930132 1.9989870 0.1410576 0.2186455 0.8142509 2.2029316 2.2282421 2.2498066 2.2703975 0.1693730 0.7786021 0.7786021 2.0905488 2.0905488 0.2186455 0.1754758 0.8164700 1.9542572 2.2438944 0.1429113 0.1429113 3.2632112 2.1094569 2.1094569 1.8659235 1.8110666 0.6118033 1.8902034 1.7938814 0.5245146 0.5025773 0.5336013 1.9975253 0.5075121 1.8865157 0.5062833 2.1849514 0.7014383 0.6779546 0.6805513 0.7177758 0.7177758 0.9454211 2.0439711 1.2760066 0.7347610 1.5611362 0.7079678 0.5041459 2.0026961 0.5754152 0.6651503 1.4365333 0.4634879 1.3495695 1.1012200 1.4376430 1.6524315 1.6740917 1.7951815 2.0933828 1.9600832 2.0875217 2.4132165 2.8310131 2.5697936 1.1858117 1.2516141 1.4156741 1.4950591 1.5848631 1.5485287 1.5777637 
D.kikuchii-KAJ0175711.1       1.6703324 1.3569428 1.8418497 1.3094451 1.3094826 1.1823926 1.1947617 1.1947617 1.4806460 0.8109029 0.0000000 2.1051428 1.9207653 0.7960917 0.8599368 0.1375975 2.0884221 2.1120773 2.1043817 2.1180154 0.8405622 0.1428703 0.1428703 1.8709837 1.8709837 0.8599368 0.7881845 0.1150779 1.9560386 2.1822116 0.8170235 0.8170235 2.8124969 2.0118287 2.0118287 1.8931028 1.8973512 0.8630399 1.8132112 1.7958575 0.7981521 0.8157678 0.7893383 2.1124924 0.7728662 1.9664666 0.8254956 2.1533803 1.0409358 1.0214098 1.0803874 1.1445053 1.1445053 1.2147472 2.2776389 1.4814995 0.9163648 1.6488512 0.9711332 0.7850043 1.9327823 0.8119616 0.9980788 1.4716363 0.6943830 1.3750433 1.1752678 1.4469777 1.5839630 1.5472082 1.8406490 2.0632971 2.0263361 2.0400359 2.1710698 2.9336869 3.2184696 1.5231803 1.4763475 1.7468533 1.6509753 1.8327694 1.7957315 1.8148564 
D.kikuchii-KAJ0181766.1       2.7886816 2.5023006 2.9747056 2.5062887 2.5084359 2.5211057 2.5305367 2.5305367 2.5970262 2.1930132 2.1051428 0.0000000 1.8335868 2.1211425 2.2190979 2.0168840 0.2435909 0.2340987 1.7935880 1.7934499 2.1310626 2.2053042 2.2053042 1.7820040 1.7820040 2.2190979 2.2401877 2.1815299 1.6842234 0.2204718 2.1576072 2.1576072 0.2526556 0.3488128 0.3488128 3.2280366 3.3167110 2.1726810 3.2628800 2.8175786 2.2801272 2.3788787 2.3056778 3.2756730 2.2616270 3.0105946 2.4039184 2.9964906 2.3047599 2.6262195 2.6368337 2.7093301 2.7093301 2.8870097 2.9742620 2.6522720 2.0751165 2.6914327 2.2661595 2.2854711 3.0836767 2.0840395 2.2239226 2.4336603 2.1403439 2.7512036 2.1423780 2.8151042 2.9733825 2.9901961 2.8098995 2.9151875 3.3111240 3.2743974 3.8246608 3.7528421 4.4272178 2.6010419 2.5571146 2.7327392 2.7359051 2.7712291 2.7447176 2.7635388 
D.kikuchii-KAJ0181767.1       3.0527578 2.6038805 3.2161084 2.7612647 2.5839091 2.6677934 2.6656220 2.6656220 2.9381937 1.9989870 1.9207653 1.8335868 0.0000000 1.9806762 1.9272609 1.9724013 1.8429031 1.8578984 0.6287320 0.6444959 2.0160803 1.9408590 1.9408590 0.5701884 0.5701884 1.9272609 2.0303204 1.9678058 0.5655196 1.8415336 1.9930980 1.9930980 2.1873776 1.7811416 1.7811416 3.7438663 3.7183081 2.4091541 4.0424701 2.9654345 2.1628227 2.2663947 2.1904693 3.4765707 2.1803262 3.1264159 2.2208825 3.4166674 2.4546834 2.3012358 2.3997365 2.3910444 2.3910444 2.6424554 3.0391507 2.5625222 2.3276104 3.1402239 2.2908312 2.2032617 3.6939485 2.2298280 2.3244081 2.7939067 2.0966921 2.6276566 2.5203833 2.6888340 3.2501005 3.1724883 3.1144258 3.5741015 3.8033877 4.1389632 5.0097654 3.9078656 4.0954881 2.6917843 2.6875070 3.1182777 3.3033092 3.4003277 3.3035367 3.2768271 
S.littoralis-CAB3515165.1     1.5453649 1.4196508 1.6462457 1.2974269 1.2329209 1.1992634 1.2119255 1.2119255 1.3783882 0.1410576 0.7960917 2.1211425 1.9806762 0.0000000 0.1369702 0.8140236 2.1392188 2.1638517 2.1907270 2.2108978 0.1471177 0.7457853 0.7457853 2.0034458 2.0034458 0.1369702 0.1003983 0.8061009 1.9435205 2.1892270 0.1321402 0.1321402 3.2431907 2.0557991 2.0557991 1.8997363 1.7958606 0.5787346 1.8792080 1.8221143 0.5087598 0.5282893 0.5312346 2.0737737 0.4642167 1.8772389 0.5254331 2.1540824 0.6732041 0.6818541 0.6742930 0.6952350 0.6952350 0.8980089 1.9909767 1.3260444 0.6625310 1.5018318 0.6673202 0.4883708 1.9707630 0.5585597 0.6134204 1.4461938 0.4323436 1.3199419 1.0354471 1.3965831 1.6035862 1.5989373 1.7724317 2.0515298 1.9820964 2.0465824 2.4026177 2.7278305 2.5497599 1.2363606 1.2808378 1.4674931 1.5380156 1.5875979 1.5572173 1.5878715 
A.plantaginis-CAB3231150.1    1.5507387 1.4003798 1.6365860 1.3602085 1.3803767 1.2421948 1.2553909 1.2553909 1.4345227 0.2186455 0.8599368 2.2190979 1.9272609 0.1369702 0.0000000 0.8823632 2.2834902 2.3101622 2.1205169 2.1384494 0.2226165 0.8122513 0.8122513 1.9511268 1.9511268 0.0000010 0.1673776 0.8814588 1.9774761 2.2655608 0.1983141 0.1983141 3.0388210 2.1411448 2.1411448 1.8214978 1.8502571 0.6707962 1.9596583 1.9342991 0.5908522 0.6003837 0.6037169 2.1215164 0.5605549 2.0052330 0.6086240 2.2464551 0.7719176 0.7333752 0.7527729 0.7706727 0.7706727 0.9508522 2.0235484 1.3045919 0.7382047 1.4226237 0.7280531 0.5478486 2.0259911 0.6301674 0.6598474 1.5822368 0.5073219 1.2995546 1.0954889 1.5190110 1.6796995 1.6638559 1.8572754 2.2405400 2.0946176 2.2736515 2.6642319 2.7123044 2.4745636 1.2964511 1.3728184 1.5693890 1.6644829 1.7303868 1.7274102 1.7236961 
A.plantaginis-CAB3223254.1    1.6598803 1.2843930 1.8126083 1.3555073 1.3552404 1.1882182 1.1766269 1.1766269 1.4262066 0.8142509 0.1375975 2.0168840 1.9724013 0.8140236 0.8823632 0.0000000 2.0338943 2.0571045 2.1792153 2.1917269 0.8722391 0.1608863 0.1608863 1.8948618 1.8948618 0.8823632 0.8371017 0.1390797 2.0031581 2.1059033 0.8148368 0.8148368 2.6886606 1.9236982 1.9236982 1.9337574 1.9284406 0.9303226 1.8637969 1.8586002 0.8476627 0.8555720 0.8388345 2.1925498 0.8199666 2.0056254 0.8574836 2.2109620 1.1128079 1.0373184 1.1193678 1.1855948 1.1855948 1.3199611 2.3760301 1.5104785 0.9539116 1.6688129 1.0158575 0.8348461 1.9312901 0.8714177 1.0675510 1.4736680 0.7713440 1.3460805 1.1798123 1.4756277 1.6333758 1.6208630 1.8677607 2.1258167 2.0641668 2.0805752 2.2564281 2.9552979 3.3099436 1.5297230 1.5339276 1.7812752 1.6960627 1.8990371 1.8672748 1.8651714 
A.plantaginis-CAB3231154.1    2.6159169 2.4772831 2.9912536 2.5885747 2.4866487 2.4503332 2.4756562 2.4756562 2.4139115 2.2029316 2.0884221 0.2435909 1.8429031 2.1392188 2.2834902 2.0338943 0.0000000 0.0068330 1.8815672 1.8772501 2.1305448 2.1461098 2.1461098 1.7528889 1.7528889 2.2834902 2.2237529 2.1130430 1.7983330 0.1422486 2.1179180 2.1179180 0.1876252 0.3127517 0.3127517 3.0917815 3.1579584 2.0754509 3.3019095 2.8373525 2.1465602 2.3579909 2.1694406 3.1712782 2.1544339 3.0593048 2.3813212 2.9838480 2.3097657 2.3662810 2.4061037 2.4895821 2.4895821 2.7468084 2.9738780 2.4514294 2.0385535 2.7134669 2.2376211 2.2223427 3.1186612 2.0096525 2.1614169 2.4145687 2.0745369 2.5819541 2.2235463 2.6998637 2.8136401 2.8263294 2.8579401 2.9320754 3.2733345 3.2932684 4.1666124 3.6669991 4.0934655 2.6925274 2.6844579 2.7798249 2.8513980 2.8881819 2.8694708 2.8714048 
A.plantaginis-CAB3249883.1    2.6471465 2.5076769 3.0288381 2.6199590 2.5160855 2.4788636 2.5045439 2.5045439 2.4517547 2.2282421 2.1120773 0.2340987 1.8578984 2.1638517 2.3101622 2.0571045 0.0068330 0.0000000 1.9027109 1.8983410 2.1552712 2.1703068 2.1703068 1.7672079 1.7672079 2.3101622 2.2496041 2.1371277 1.8129236 0.1418636 2.1422740 2.1422740 0.1876252 0.3148429 0.3148429 3.1417140 3.2091328 2.0991367 3.3560297 2.8373525 2.1711445 2.3851770 2.1942559 3.1739706 2.1791600 3.0619798 2.4088100 2.9864617 2.3364600 2.3943293 2.4343960 2.5211750 2.5211750 2.7550956 2.9834822 2.4834859 2.0620319 2.7536862 2.2635144 2.2483603 3.1693527 2.0329013 2.1865186 2.4131925 2.0980849 2.6126288 2.2285674 2.7415132 2.8692362 2.8821446 2.8826558 2.9842172 3.3403171 3.3345443 4.1861307 3.6804430 4.1129377 2.6949938 2.6868849 2.7823324 2.8539273 2.9063876 2.8720493 2.8739890 
A.plantaginis-CAB3249884.1    3.2325934 2.8770120 3.3571022 2.7909340 2.5439276 2.6876592 2.7157245 2.7157245 3.0160397 2.2498066 2.1043817 1.7935880 0.6287320 2.1907270 2.1205169 2.1792153 1.8815672 1.9027109 0.0000000 0.0068992 2.2712748 2.0811600 2.0811600 0.7083884 0.7083884 2.1205169 2.1645917 2.2306341 0.5419146 1.7453043 2.1748889 2.1748889 2.0033275 1.7742678 1.7742678 3.4217909 3.4233638 2.6796394 3.6847302 3.2889541 2.4186545 2.5266945 2.4144599 3.6871709 2.4363252 3.4587707 2.5514822 3.8460149 2.6642784 2.5732249 2.5829253 2.5840689 2.5840689 2.8080967 3.3914439 2.8638009 2.4102161 3.4434563 2.3691880 2.5020103 3.3961209 2.5106450 2.5335202 3.1731995 2.1890642 2.6563104 2.6039289 2.9859209 3.1658716 3.1757732 3.4445474 3.7174190 3.9612528 4.1828954 4.4700764 3.7729139 4.2367733 2.9162389 3.0331859 3.1768303 3.4686316 3.5740290 3.5122574 3.4532060 
A.plantaginis-CAB3231153.1    3.2367258 2.8928101 3.3863309 2.7958692 2.5695343 2.6760569 2.7039851 2.7039851 3.0087743 2.2703975 2.1180154 1.7934499 0.6444959 2.2108978 2.1384494 2.1917269 1.8772501 1.8983410 0.0068992 0.0000000 2.2903108 2.0931288 2.0931288 0.7254866 0.7254866 2.1384494 2.1845571 2.2433477 0.5564335 1.7359876 2.1900879 2.1900879 2.0516082 1.7741438 1.7741438 3.4460054 3.4475215 2.6791277 3.7116083 3.3057238 2.4350895 2.5511516 2.4308691 3.7028396 2.4600224 3.5025797 2.5761595 3.8504482 2.6882466 2.5814811 2.5919104 2.5937534 2.5937534 2.7953301 3.4031268 2.8799177 2.3990452 3.4259672 2.3768450 2.4887154 3.4167040 2.4971977 2.5550565 3.1742151 2.2107384 2.6623124 2.6216936 3.0133459 3.1798401 3.1897720 3.4913333 3.7286166 3.9783299 4.1876300 4.4735743 3.7939192 4.2814507 2.9408770 3.0589881 3.2037248 3.4987481 3.6056272 3.5432820 3.4837090 
B.ino-CAH0726637.1            1.5484444 1.4447852 1.6831339 1.3095844 1.2931610 1.2001786 1.2111588 1.2111588 1.4288477 0.1693730 0.8405622 2.1310626 2.0160803 0.1471177 0.2226165 0.8722391 2.1305448 2.1552712 2.2712748 2.2903108 0.0000000 0.8181568 0.8181568 2.1214067 2.1214067 0.2226165 0.2342452 0.8752556 1.9837316 2.1295314 0.1417872 0.1417872 2.7941324 2.0738852 2.0738852 1.9475301 1.9635340 0.6029438 1.9845794 1.8814480 0.5283494 0.5275012 0.5428450 2.1517971 0.4871997 1.8820289 0.5312911 2.2077753 0.7130733 0.6817577 0.6735966 0.6958613 0.6958613 0.8958762 2.0374494 1.3590347 0.6786820 1.5434536 0.6856699 0.5377773 2.0200318 0.5585462 0.6134532 1.5113240 0.4517560 1.2474778 1.0912121 1.4561605 1.6588605 1.6629023 1.8031902 2.1592926 2.1245164 2.1826185 2.5287168 2.8385199 2.5599215 1.2189356 1.3240748 1.4559685 1.5107568 1.6052742 1.5671877 1.5990851 
B.ino-CAH0714536.1            1.6327865 1.3996089 1.7411432 1.2752110 1.2912793 1.1872657 1.1996908 1.1996908 1.3590260 0.7786021 0.1428703 2.2053042 1.9408590 0.7457853 0.8122513 0.1608863 2.1461098 2.1703068 2.0811600 2.0931288 0.8181568 0.0000000 0.0000010 1.9119392 1.9119392 0.8122513 0.7733734 0.1643930 1.9608301 2.2447135 0.7831373 0.7831373 3.3826335 2.0762773 2.0762773 1.8124641 1.7337840 0.9150224 1.7442520 1.8915548 0.8291351 0.8397958 0.8132684 2.1253609 0.8059218 1.9414951 0.8496872 2.2801759 1.0881414 0.9682964 1.0050060 1.0738310 1.0738310 1.2691384 2.3432902 1.4959318 0.8775383 1.6276519 1.0178215 0.8029512 1.7963196 0.9056014 1.0269464 1.4863662 0.7256597 1.3063822 1.1773623 1.4345570 1.6321892 1.6269780 1.7816660 2.0699968 1.9967028 2.0467836 2.2256099 2.8627788 2.8782622 1.4698545 1.4832724 1.6227850 1.5573965 1.7624374 1.7265755 1.7022844 
B.ino-CAH0714537.1            1.6327865 1.3996089 1.7411432 1.2752110 1.2912793 1.1872657 1.1996908 1.1996908 1.3590260 0.7786021 0.1428703 2.2053042 1.9408590 0.7457853 0.8122513 0.1608863 2.1461098 2.1703068 2.0811600 2.0931288 0.8181568 0.0000010 0.0000000 1.9119392 1.9119392 0.8122513 0.7733734 0.1643930 1.9608301 2.2447135 0.7831373 0.7831373 3.3826335 2.0762773 2.0762773 1.8124641 1.7337840 0.9150224 1.7442520 1.8915548 0.8291351 0.8397958 0.8132684 2.1253609 0.8059218 1.9414951 0.8496872 2.2801759 1.0881414 0.9682964 1.0050060 1.0738310 1.0738310 1.2691384 2.3432902 1.4959318 0.8775383 1.6276519 1.0178215 0.8029512 1.7963196 0.9056014 1.0269464 1.4863662 0.7256597 1.3063822 1.1773623 1.4345570 1.6321892 1.6269780 1.7816660 2.0699968 1.9967028 2.0467836 2.2256099 2.8627788 2.8782622 1.4698545 1.4832724 1.6227850 1.5573965 1.7624374 1.7265755 1.7022844 
B.ino-CAH0726632.1            3.1089596 2.5469450 3.0889722 2.6317611 2.5869154 2.2753814 2.2738277 2.2738277 2.8310842 2.0905488 1.8709837 1.7820040 0.5701884 2.0034458 1.9511268 1.8948618 1.7528889 1.7672079 0.7083884 0.7254866 2.1214067 1.9119392 1.9119392 0.0000000 0.0000010 1.9511268 2.0289019 1.9499153 0.6308564 1.7287110 2.1430185 2.1430185 2.4264537 1.6014408 1.6014408 3.5204758 3.4964936 2.3735901 3.6305867 2.6209173 2.1500294 2.3177565 2.1710180 3.0978503 2.1127126 2.9039656 2.2883156 3.1381466 2.5860329 2.3975143 2.3920461 2.3570913 2.3570913 2.6040858 2.9543652 2.6408927 2.2045994 2.6772068 2.3666695 2.1733565 3.5603632 2.2765341 2.2848305 2.9495641 2.0020338 2.5228221 2.3338905 2.6711263 3.1478503 3.1315240 3.0888114 3.5694574 3.9049127 4.0752270 4.4460780 3.7254339 4.1011961 2.6485649 2.8823330 3.0933054 3.2582044 3.2607957 3.2074214 3.2037152 
B.ino-CAH0726633.1            3.1089596 2.5469450 3.0889722 2.6317611 2.5869154 2.2753814 2.2738277 2.2738277 2.8310842 2.0905488 1.8709837 1.7820040 0.5701884 2.0034458 1.9511268 1.8948618 1.7528889 1.7672079 0.7083884 0.7254866 2.1214067 1.9119392 1.9119392 0.0000010 0.0000000 1.9511268 2.0289019 1.9499153 0.6308564 1.7287110 2.1430185 2.1430185 2.4264537 1.6014408 1.6014408 3.5204758 3.4964936 2.3735901 3.6305867 2.6209173 2.1500294 2.3177565 2.1710180 3.0978503 2.1127126 2.9039656 2.2883156 3.1381466 2.5860329 2.3975143 2.3920461 2.3570913 2.3570913 2.6040858 2.9543652 2.6408927 2.2045994 2.6772068 2.3666695 2.1733565 3.5603632 2.2765341 2.2848305 2.9495641 2.0020338 2.5228221 2.3338905 2.6711263 3.1478503 3.1315240 3.0888114 3.5694574 3.9049127 4.0752270 4.4460780 3.7254339 4.1011961 2.6485649 2.8823330 3.0933054 3.2582044 3.2607957 3.2074214 3.2037152 
A.plantaginis-CAB3231151.1    1.5507387 1.4003798 1.6365860 1.3602085 1.3803767 1.2421948 1.2553909 1.2553909 1.4345227 0.2186455 0.8599368 2.2190979 1.9272609 0.1369702 0.0000010 0.8823632 2.2834902 2.3101622 2.1205169 2.1384494 0.2226165 0.8122513 0.8122513 1.9511268 1.9511268 0.0000000 0.1673776 0.8814588 1.9774761 2.2655608 0.1983141 0.1983141 3.0388210 2.1411448 2.1411448 1.8214978 1.8502571 0.6707962 1.9596583 1.9342991 0.5908522 0.6003837 0.6037169 2.1215164 0.5605549 2.0052330 0.6086240 2.2464551 0.7719176 0.7333752 0.7527729 0.7706727 0.7706727 0.9508522 2.0235484 1.3045919 0.7382047 1.4226237 0.7280531 0.5478486 2.0259911 0.6301674 0.6598474 1.5822368 0.5073219 1.2995546 1.0954889 1.5190110 1.6796995 1.6638559 1.8572754 2.2405400 2.0946176 2.2736515 2.6642319 2.7123044 2.4745636 1.2964511 1.3728184 1.5693890 1.6644829 1.7303868 1.7274102 1.7236961 
H.armigera-PZC78836.1         1.5399159 1.3679828 1.6249168 1.3044688 1.1889149 1.2182521 1.2291594 1.2291594 1.3220450 0.1754758 0.7881845 2.2401877 2.0303204 0.1003983 0.1673776 0.8371017 2.2237529 2.2496041 2.1645917 2.1845571 0.2342452 0.7733734 0.7733734 2.0289019 2.0289019 0.1673776 0.0000000 0.8218564 1.9794106 2.2559710 0.2018935 0.2018935 3.1063616 2.1107442 2.1107442 1.9072659 1.8786144 0.6330974 1.9257413 1.8639580 0.5574597 0.5476322 0.5644590 2.0078813 0.5341727 1.9071133 0.5621107 2.0442955 0.7081774 0.6969960 0.6987446 0.7287692 0.7287692 0.9315777 2.0145862 1.2512496 0.7106742 1.4901846 0.7056908 0.5472926 2.0072520 0.6097453 0.6497510 1.4178850 0.4774929 1.3449060 1.0806952 1.4118572 1.6583899 1.6555870 1.7323843 2.1212980 2.0238238 2.1687150 2.5509459 2.7714912 2.6595819 1.2694503 1.3080262 1.5154343 1.5418349 1.6771016 1.6292888 1.6446581 
H.armigera-PZC83667.1         1.7400248 1.3335048 1.8720927 1.3362860 1.3294841 1.1682480 1.1805175 1.1805175 1.4647012 0.8164700 0.1150779 2.1815299 1.9678058 0.8061009 0.8814588 0.1390797 2.1130430 2.1371277 2.2306341 2.2433477 0.8752556 0.1643930 0.1643930 1.9499153 1.9499153 0.8814588 0.8218564 0.0000000 1.9621292 2.2468869 0.8296524 0.8296524 3.0885470 2.0924133 2.0924133 1.9876312 1.9855541 0.9300541 1.9290390 1.8867187 0.8117728 0.8375256 0.8035344 2.2131742 0.7993439 1.9634215 0.8473923 2.1495696 1.1230893 1.0219011 1.1109146 1.1561630 1.1561630 1.2518503 2.3092537 1.5404403 0.9719974 1.6751173 1.0360685 0.8104895 2.0108512 0.8801323 1.0533673 1.5342187 0.7868898 1.3800643 1.2712932 1.4178228 1.5837418 1.5540048 1.9124307 2.1392528 2.0162845 2.1184059 2.2873175 2.9270795 3.0791766 1.4459182 1.4782868 1.6786637 1.6269492 1.7741059 1.7376669 1.8100131 
H.armigera-PZC78838.1         2.9443757 2.6870337 3.1604670 2.4735890 2.3785984 2.4183588 2.3930220 2.3930220 2.8739105 1.9542572 1.9560386 1.6842234 0.5655196 1.9435205 1.9774761 2.0031581 1.7983330 1.8129236 0.5419146 0.5564335 1.9837316 1.9608301 1.9608301 0.6308564 0.6308564 1.9774761 1.9794106 1.9621292 0.0000000 1.8762617 1.9660243 1.9660243 1.8606005 1.8433245 1.8433245 3.5998832 3.4618403 2.3594273 3.7156681 2.8086531 2.0965714 2.2428917 2.1140444 3.2495081 2.0863035 3.0085349 2.2451333 3.4343756 2.3777989 2.2303728 2.2544402 2.2545691 2.2545691 2.6481986 3.1444707 2.3781417 2.2060309 3.0354630 2.2292602 2.1449999 3.4449156 2.2323478 2.2912439 2.7608588 2.0215778 2.5998448 2.3368169 2.6552382 3.0202358 3.0259663 3.1304151 3.7121315 3.7235469 4.1610363 4.5182884 3.7231146 3.8878632 2.4460483 2.6987908 2.9031680 3.0974599 3.1841505 3.0988474 3.0810675 
H.armigera-PZC78839.1         2.8496108 2.6779320 3.2156347 2.6359751 2.7656433 2.5319985 2.5584301 2.5584301 2.6208134 2.2438944 2.1822116 0.2204718 1.8415336 2.1892270 2.2655608 2.1059033 0.1422486 0.1418636 1.7453043 1.7359876 2.1295314 2.2447135 2.2447135 1.7287110 1.7287110 2.2655608 2.2559710 2.2468869 1.8762617 0.0000000 2.1623044 2.1623044 0.3012369 0.3468464 0.3468464 3.3314035 3.4336027 2.2290284 3.5493279 2.9125067 2.2167005 2.4286070 2.2405642 3.3234052 2.2460087 3.0839480 2.4529818 3.1858229 2.4338550 2.4712074 2.6006048 2.6813357 2.6813357 2.8401679 3.0380016 2.6430352 2.1358488 2.7836485 2.3694070 2.2903058 3.3322784 2.1395652 2.2772511 2.4785307 2.1336474 2.6350339 2.2311895 2.7458145 3.0581543 3.0718977 3.1878008 3.0481395 3.5112951 3.4614555 4.4959641 3.7667803 4.2033050 2.6751890 2.7259882 2.8110174 2.8246950 2.8669104 2.8482351 2.8501269 
I.podalirius-CAH2066547.1     1.5248712 1.4276511 1.6522322 1.2882138 1.2011938 1.1914453 1.2041724 1.2041724 1.3916291 0.1429113 0.8170235 2.1576072 1.9930980 0.1321402 0.1983141 0.8148368 2.1179180 2.1422740 2.1748889 2.1900879 0.1417872 0.7831373 0.7831373 2.1430185 2.1430185 0.1983141 0.2018935 0.8296524 1.9660243 2.1623044 0.0000000 0.0000010 3.0557157 2.0613040 2.0613040 1.9743392 1.9369952 0.6046892 2.0038634 1.8718264 0.5166530 0.5642702 0.5309419 2.0825832 0.5182543 1.9125706 0.5614251 2.2063075 0.7206157 0.6804225 0.7258209 0.7403770 0.7403770 0.9520156 2.0388703 1.3582541 0.6663046 1.5996423 0.6800575 0.5359834 2.0686132 0.5600692 0.6226355 1.4016560 0.4710240 1.2919695 1.0843634 1.4427198 1.7459247 1.7500713 1.8546927 2.1827647 2.1144751 2.1572067 2.5788625 2.8870007 2.7047668 1.2240743 1.3252657 1.4173688 1.4790464 1.6046835 1.5739804 1.5985299 
I.podalirius-CAH2066549.1     1.5248712 1.4276511 1.6522322 1.2882138 1.2011938 1.1914453 1.2041724 1.2041724 1.3916291 0.1429113 0.8170235 2.1576072 1.9930980 0.1321402 0.1983141 0.8148368 2.1179180 2.1422740 2.1748889 2.1900879 0.1417872 0.7831373 0.7831373 2.1430185 2.1430185 0.1983141 0.2018935 0.8296524 1.9660243 2.1623044 0.0000010 0.0000000 3.0557157 2.0613040 2.0613040 1.9743392 1.9369952 0.6046892 2.0038634 1.8718264 0.5166530 0.5642702 0.5309419 2.0825832 0.5182543 1.9125706 0.5614251 2.2063075 0.7206157 0.6804225 0.7258209 0.7403770 0.7403770 0.9520156 2.0388703 1.3582541 0.6663046 1.5996423 0.6800575 0.5359834 2.0686132 0.5600692 0.6226355 1.4016560 0.4710240 1.2919695 1.0843634 1.4427198 1.7459247 1.7500713 1.8546927 2.1827647 2.1144751 2.1572067 2.5788625 2.8870007 2.7047668 1.2240743 1.3252657 1.4173688 1.4790464 1.6046835 1.5739804 1.5985299 
I.podalirius-CAH2066545.1     2.6570517 2.4681816 2.6647013 4.8054169 3.7895178 4.4329178 4.4329178 4.4329178 3.2192336 3.2632112 2.8124969 0.2526556 2.1873776 3.2431907 3.0388210 2.6886606 0.1876252 0.1876252 2.0033275 2.0516082 2.7941324 3.3826335 3.3826335 2.4264537 2.4264537 3.0388210 3.1063616 3.0885470 1.8606005 0.3012369 3.0557157 3.0557157 0.0000000 0.0000010 0.0000010 3.2602776 3.2406317 3.3696322 3.8655968 3.3204151 4.0909344 3.4697853 4.1508261 3.2990558 3.1786973 2.9580422 3.4697853 2.3322905 5.2393739 3.8123064 3.2960115 5.0137943 5.0137943 2.8158668 3.5488349 2.5265218 3.1750044 4.4232520 3.1260727 3.8452743 3.4402419 3.6299094 3.8961755 3.0332950 2.4573690 3.2376490 2.5082709 3.7635944 5.0817264 5.0817264 3.0277495 3.3988372 3.0318522 3.8697904 9.0000000 4.9207401 6.0129440 3.5709313 4.5057133 3.0354917 3.0165739 3.6940360 3.6940360 4.3620852 
I.podalirius-CAH2066543.1     2.8242769 2.4564451 2.8774912 2.7420539 2.5071608 2.4142227 2.4265498 2.4265498 2.5571688 2.1094569 2.0118287 0.3488128 1.7811416 2.0557991 2.1411448 1.9236982 0.3127517 0.3148429 1.7742678 1.7741438 2.0738852 2.0762773 2.0762773 1.6014408 1.6014408 2.1411448 2.1107442 2.0924133 1.8433245 0.3468464 2.0613040 2.0613040 0.0000010 0.0000000 0.0000010 3.2105958 3.3591425 1.9577797 3.4540313 3.0530227 2.1615171 2.3256435 2.1759063 3.3813656 2.1552245 3.2914790 2.3533942 2.9247596 2.2983636 2.4182916 2.3691425 2.3685229 2.3685229 2.6711616 2.8932758 2.4447952 2.0266703 2.6515681 2.1627546 2.2508846 3.2142081 1.8938156 2.0662075 2.5971951 1.9486377 2.5673862 2.1754228 2.6768694 3.0834250 3.0657431 3.0165042 3.0274705 3.3126612 3.4247178 4.4870072 3.6195418 4.5548025 2.6132482 2.6771199 2.7668060 2.7641024 2.8201423 2.8173710 2.8777043 
I.podalirius-CAH2066541.1     2.8242769 2.4564451 2.8774912 2.7420539 2.5071608 2.4142227 2.4265498 2.4265498 2.5571688 2.1094569 2.0118287 0.3488128 1.7811416 2.0557991 2.1411448 1.9236982 0.3127517 0.3148429 1.7742678 1.7741438 2.0738852 2.0762773 2.0762773 1.6014408 1.6014408 2.1411448 2.1107442 2.0924133 1.8433245 0.3468464 2.0613040 2.0613040 0.0000010 0.0000010 0.0000000 3.2105958 3.3591425 1.9577797 3.4540313 3.0530227 2.1615171 2.3256435 2.1759063 3.3813656 2.1552245 3.2914790 2.3533942 2.9247596 2.2983636 2.4182916 2.3691425 2.3685229 2.3685229 2.6711616 2.8932758 2.4447952 2.0266703 2.6515681 2.1627546 2.2508846 3.2142081 1.8938156 2.0662075 2.5971951 1.9486377 2.5673862 2.1754228 2.6768694 3.0834250 3.0657431 3.0165042 3.0274705 3.3126612 3.4247178 4.4870072 3.6195418 4.5548025 2.6132482 2.6771199 2.7668060 2.7641024 2.8201423 2.8173710 2.8777043 
C.capitata-CAD6994394.1       1.8103692 1.9603111 2.1010751 1.7568016 1.6408873 1.5700792 1.5778843 1.5778843 1.6409737 1.8659235 1.8931028 3.2280366 3.7438663 1.8997363 1.8214978 1.9337574 3.0917815 3.1417140 3.4217909 3.4460054 1.9475301 1.8124641 1.8124641 3.5204758 3.5204758 1.8214978 1.9072659 1.9876312 3.5998832 3.3314035 1.9743392 1.9743392 3.2602776 3.2105958 3.2105958 0.0000000 0.1864175 1.8446608 0.2480074 2.3878412 1.9382686 1.9512900 1.9142052 2.5534782 1.8401688 2.3572529 1.9743698 2.7012986 1.9797640 1.8089106 1.6842289 1.6938771 1.6938771 2.0262356 2.2417169 1.9695226 1.7808141 2.0460846 1.8510031 1.9306539 0.2092885 1.9219502 1.8108358 2.1199395 1.6486803 1.5715448 1.3719959 1.9719934 2.1190139 2.1430673 2.2525119 2.1493645 2.0536403 2.2597221 2.2509909 3.1094552 3.4245304 1.9017730 1.8240470 1.9102006 2.0516888 2.0193763 2.0927475 2.0397353 
L.cuprina-KAI8116404.1        1.7860244 1.9420695 1.9743061 1.6751681 1.6472294 1.4755068 1.4910192 1.4910192 1.6042575 1.8110666 1.8973512 3.3167110 3.7183081 1.7958606 1.8502571 1.9284406 3.1579584 3.2091328 3.4233638 3.4475215 1.9635340 1.7337840 1.7337840 3.4964936 3.4964936 1.8502571 1.8786144 1.9855541 3.4618403 3.4336027 1.9369952 1.9369952 3.2406317 3.3591425 3.3591425 0.1864175 0.0000000 1.7486970 0.2485396 2.4442558 1.8770038 1.9916238 1.8870752 2.6209120 1.7750151 2.4194282 2.0026280 2.7923706 1.9333889 1.8978615 1.7517041 1.7511684 1.7511684 2.0054923 2.2957406 1.9778616 1.7703976 2.0809877 1.8843186 1.8722767 0.2432933 1.8367555 1.7490511 2.1354089 1.6344019 1.6819872 1.4582274 2.0802198 2.0325498 2.0557502 2.2194913 2.0312820 1.9655462 2.1221793 1.9926961 3.2326907 3.3705024 1.7546006 1.7572827 1.9036932 2.0021217 1.9773151 2.0347028 1.9632441 
L.cuprina-KAI8130912.2        1.5247405 1.4753217 1.7806239 1.3422094 1.3063833 1.2153430 1.2281236 1.2281236 1.4473954 0.6118033 0.8630399 2.1726810 2.4091541 0.5787346 0.6707962 0.9303226 2.0754509 2.0991367 2.6796394 2.6791277 0.6029438 0.9150224 0.9150224 2.3735901 2.3735901 0.6707962 0.6330974 0.9300541 2.3594273 2.2290284 0.6046892 0.6046892 3.3696322 1.9577797 1.9577797 1.8446608 1.7486970 0.0000000 1.9319160 2.0383354 0.5003201 0.5332022 0.4910131 2.3664757 0.4810348 2.1955375 0.5409212 2.3831294 0.3665322 0.7614256 0.7452365 0.7544579 0.7544579 1.0236901 1.9939588 1.3569596 0.6921607 1.6532448 0.6264416 0.5591210 1.9562828 0.1609615 0.2766077 1.4900196 0.4873231 1.2528587 1.1158591 1.5350881 1.7433713 1.7283059 1.8427167 2.0220814 1.9970891 1.9782798 2.2597627 2.8055766 2.7297026 1.3739768 1.4192289 1.4666782 1.5479049 1.6585705 1.6459817 1.6236137 
G.fuscipes-KAI9577037.1       1.8605159 1.9972458 2.1685145 1.6668318 1.6875478 1.6537758 1.6619534 1.6619534 1.6772784 1.8902034 1.8132112 3.2628800 4.0424701 1.8792080 1.9596583 1.8637969 3.3019095 3.3560297 3.6847302 3.7116083 1.9845794 1.7442520 1.7442520 3.6305867 3.6305867 1.9596583 1.9257413 1.9290390 3.7156681 3.5493279 2.0038634 2.0038634 3.8655968 3.4540313 3.4540313 0.2480074 0.2485396 1.9319160 0.0000000 2.4519212 1.9348836 1.9276156 1.9347777 2.5437223 1.8143078 2.3693147 1.9427309 2.6884130 2.0091089 1.8834965 1.7811748 1.8187347 1.8187347 2.0429469 2.2989937 2.1563507 1.8616356 2.1303194 1.8764265 1.8684398 0.2744047 2.0073431 1.9334463 2.1009337 1.6910445 1.7593763 1.4626677 2.0278178 2.0576533 2.0648621 2.0640576 2.1643844 2.1659232 2.3197838 2.2478469 3.4894275 3.5262216 1.9400494 1.8696464 2.0776042 2.1583982 2.0784909 2.1532959 2.0953348 
T.longispinosus-TGZ32222.1    2.3521947 1.9886197 2.3632913 1.6215178 1.5586486 1.6454977 1.6313188 1.6313188 1.7353854 1.7938814 1.7958575 2.8175786 2.9654345 1.8221143 1.9342991 1.8586002 2.8373525 2.8373525 3.2889541 3.3057238 1.8814480 1.8915548 1.8915548 2.6209173 2.6209173 1.9342991 1.8639580 1.8867187 2.8086531 2.9125067 1.8718264 1.8718264 3.3204151 3.0530227 3.0530227 2.3878412 2.4442558 2.0383354 2.4519212 0.0000000 1.9325141 1.9932155 1.8782627 0.1732177 1.9616029 0.3641610 1.9615387 0.6688349 2.1695525 2.0466645 2.0685523 2.1261382 2.1261382 2.2859605 2.5635729 1.7571773 2.0033915 1.9584796 2.1307265 2.0274632 2.6133719 2.1174209 2.1429629 1.9972207 1.9456711 2.1322571 1.6427546 1.9076094 2.3974150 2.4206752 2.2363635 1.9305784 2.0892783 2.1974848 2.1412011 2.9913529 3.2066770 1.9690336 2.1958405 2.4192077 2.3665273 2.5976548 2.5724033 2.5504952 
E.burchellii-KAH0956584.1     1.4553801 1.4352688 1.8147106 1.2709555 1.1802606 1.1371054 1.1492467 1.1492467 1.3618438 0.5245146 0.7981521 2.2801272 2.1628227 0.5087598 0.5908522 0.8476627 2.1465602 2.1711445 2.4186545 2.4350895 0.5283494 0.8291351 0.8291351 2.1500294 2.1500294 0.5908522 0.5574597 0.8117728 2.0965714 2.2167005 0.5166530 0.5166530 4.0909344 2.1615171 2.1615171 1.9382686 1.8770038 0.5003201 1.9348836 1.9325141 0.0000000 0.2412123 0.0307511 2.2482255 0.0825442 2.2139321 0.2379654 2.3066886 0.6123460 0.6759495 0.6852452 0.7139767 0.7139767 0.9677645 2.0498874 1.4003031 0.5865503 1.7369798 0.5917754 0.1416113 1.8977072 0.5373565 0.5115866 1.4067863 0.2985555 1.0477596 1.0550073 1.4867744 1.6992313 1.6967243 1.7265944 1.9991663 1.8662129 2.0158549 2.3542823 3.0853507 2.9363527 1.2680019 1.4477370 1.5816989 1.5509740 1.7262468 1.7107667 1.7248867 
C.glomerata-KAH0554196.1      1.4549535 1.3865680 1.9036992 1.3396079 1.2677950 1.2546678 1.2657856 1.2657856 1.4878599 0.5025773 0.8157678 2.3788787 2.2663947 0.5282893 0.6003837 0.8555720 2.3579909 2.3851770 2.5266945 2.5511516 0.5275012 0.8397958 0.8397958 2.3177565 2.3177565 0.6003837 0.5476322 0.8375256 2.2428917 2.4286070 0.5642702 0.5642702 3.4697853 2.3256435 2.3256435 1.9512900 1.9916238 0.5332022 1.9276156 1.9932155 0.2412123 0.0000000 0.2373921 2.3464804 0.2324346 2.2329534 0.0067110 2.3940125 0.5957112 0.7120075 0.7439966 0.7831220 0.7831220 0.9435089 2.1841721 1.5087564 0.6124352 1.7534933 0.6461928 0.2424944 2.0228908 0.5541804 0.5821476 1.4707705 0.3603804 1.2492969 1.1998480 1.5189406 1.7775412 1.7750244 1.7084126 2.0417960 1.9348196 2.1007490 2.5816457 3.1264309 2.9512000 1.3546616 1.3727909 1.6922484 1.6535142 1.8442483 1.7884477 1.8185711 
O.biroi-EZA57806.1            1.4419933 1.4228582 1.8359342 1.2589030 1.1872611 1.1320324 1.1441312 1.1441312 1.3464033 0.5336013 0.7893383 2.3056778 2.1904693 0.5312346 0.6037169 0.8388345 2.1694406 2.1942559 2.4144599 2.4308691 0.5428450 0.8132684 0.8132684 2.1710180 2.1710180 0.6037169 0.5644590 0.8035344 2.1140444 2.2405642 0.5309419 0.5309419 4.1508261 2.1759063 2.1759063 1.9142052 1.8870752 0.4910131 1.9347777 1.8782627 0.0307511 0.2373921 0.0000000 2.2781081 0.1021750 2.2102865 0.2427298 2.2661248 0.6181343 0.6423458 0.6855443 0.7163526 0.7163526 0.9635914 2.1519243 1.3951218 0.5806042 1.7598651 0.6126167 0.1420877 1.9469793 0.5389486 0.4997027 1.3984874 0.3083955 1.0848955 1.0833186 1.4561523 1.6943824 1.6918860 1.7413865 2.0311315 1.8442158 1.9915859 2.3383492 3.0131660 2.8483170 1.2666412 1.4513823 1.6185477 1.5868839 1.7639694 1.7484097 1.7628727 
O.biroi-EZA53303.1            2.4773187 2.2332948 2.5116278 2.0154367 1.8503472 1.9421124 1.9276510 1.9276510 2.0251987 1.9975253 2.1124924 3.2756730 3.4765707 2.0737737 2.1215164 2.1925498 3.1712782 3.1739706 3.6871709 3.7028396 2.1517971 2.1253609 2.1253609 3.0978503 3.0978503 2.1215164 2.0078813 2.2131742 3.2495081 3.3234052 2.0825832 2.0825832 3.2990558 3.3813656 3.3813656 2.5534782 2.6209120 2.3664757 2.5437223 0.1732177 2.2482255 2.3464804 2.2781081 0.0000000 2.2209183 0.3786532 2.3149496 0.6926821 2.5068751 2.4105435 2.2752140 2.3364158 2.3364158 2.4718709 2.9001448 2.0644701 2.3337914 2.3527124 2.3093858 2.3663388 2.7061090 2.3921095 2.5060513 2.1609085 2.2472767 2.3732542 1.9459433 2.2605404 2.6997052 2.7500846 2.4166902 2.2585041 2.4288329 2.5084612 2.4997540 3.3804971 3.5637115 2.2279876 2.2752866 2.4444576 2.4632267 2.5791193 2.5676558 2.4977463 
A.compressa-KAG7201324.1      1.4105503 1.3705265 1.7395401 1.2129795 1.1345724 1.1150379 1.1270690 1.1270690 1.3465043 0.5075121 0.7728662 2.2616270 2.1803262 0.4642167 0.5605549 0.8199666 2.1544339 2.1791600 2.4363252 2.4600224 0.4871997 0.8059218 0.8059218 2.1127126 2.1127126 0.5605549 0.5341727 0.7993439 2.0863035 2.2460087 0.5182543 0.5182543 3.1786973 2.1552245 2.1552245 1.8401688 1.7750151 0.4810348 1.8143078 1.9616029 0.0825442 0.2324346 0.1021750 2.2209183 0.0000000 2.1654390 0.2291834 2.3064194 0.6022938 0.6709631 0.6893279 0.7288465 0.7288465 0.8872312 2.1055859 1.3462986 0.5542173 1.6466179 0.6220016 0.1280316 1.8235868 0.5228164 0.5041512 1.3507531 0.2725880 1.0444496 0.9758139 1.3590046 1.6379422 1.6383677 1.6857088 1.9038452 1.8605311 1.8691989 2.2508322 2.9071049 2.8126812 1.2269067 1.3570381 1.5195951 1.5269832 1.6658405 1.6506735 1.6624804 
