84
O.gibbosus-KAG8183784.1       0.0000000 1.3728388 1.4263825 1.4090696 1.2470347 1.4686981 1.4734622 1.4734622 1.4052513 1.5373978 1.6676393 2.7822092 3.0448107 1.5429847 1.5483135 1.6571669 2.6101707 2.6412982 3.2239420 3.2280704 1.5460577 1.6302611 1.6302611 3.1009995 3.1009995 1.5483135 1.5375633 1.7370748 2.9369233 2.8430190 1.5225341 1.5225341 2.6499498 2.8175547 2.8175547 1.8073905 1.7831660 1.5225515 1.8574718 2.3472926 1.4532883 1.4529752 1.4399472 2.4720255 1.4085796 2.4594515 1.4632664 2.4016673 1.7363412 1.5578036 1.5762787 1.6250885 1.6250885 1.7740389 2.7036611 1.5424417 1.6070732 1.6888824 1.5831604 1.5206388 1.9898533 1.6014853 1.6490017 1.4884869 1.4909145 1.4751424 1.4188107 1.6569413 1.6510247 1.6537474 1.8247816 1.8185536 1.5988068 1.9060956 2.1686120 3.0107287 3.1040312 1.5133892 1.6592781 1.6633308 1.6512824 1.8425600 1.8303813 1.8033724 
O.gibbosus-KAG8183783.1       1.3728388 0.0000000 1.0443155 1.1981491 1.2648372 1.2112654 1.2007962 1.2007962 1.4556801 1.3824785 1.3549715 2.4970033 2.5983881 1.4174689 1.3982087 1.2825809 2.4720427 2.5023536 2.8701119 2.8858638 1.4425246 1.3975294 1.3975294 2.5413917 2.5413917 1.3982087 1.3659722 1.3315485 2.6809003 2.6718481 1.4254233 1.4254233 2.4615422 2.4510245 2.4510245 1.9566840 1.9386218 1.4730154 1.9935321 1.9847821 1.4330591 1.3844936 1.4207000 2.2283739 1.3685213 2.1746890 1.3780191 2.2862250 1.6971178 1.4979141 1.6237397 1.7027266 1.7027266 1.7146565 2.3166625 1.3391312 1.4886335 1.5317208 1.6944259 1.4185598 2.0385386 1.5106726 1.4881930 1.2221336 1.4189152 1.3961748 1.2827080 1.2715083 1.4214325 1.4212740 1.4276120 1.7823098 1.8464798 1.8687596 1.7425456 2.9304371 2.8946299 1.4294577 1.4038910 1.6475083 1.6740467 1.7176150 1.6993492 1.7541156 
O.gibbosus-KAG8186330.1       1.4263825 1.0443155 0.0000000 1.3878354 1.3898212 1.4551582 1.4439163 1.4439163 1.6040268 1.6691635 1.8385961 2.9676798 3.2075765 1.6435089 1.6339015 1.8094125 2.9842688 3.0217174 3.3476222 3.3767281 1.6803289 1.7381862 1.7381862 3.0810306 3.0810306 1.6339015 1.6223173 1.8687268 3.1520245 3.2075323 1.6495426 1.6495426 2.6576159 2.8705180 2.8705180 2.0970021 1.9706560 1.7775008 2.1642530 2.3580696 1.8114698 1.9002912 1.8326716 2.5056795 1.7365285 2.2169617 1.8738786 2.5787521 1.8897965 1.7047306 1.7820694 1.8869103 1.8869103 2.1069872 2.6220155 1.6150321 1.7131327 1.8134669 1.8219345 1.7654309 2.2055156 1.7374937 1.6936207 1.4563695 1.5588254 1.4967513 1.3506171 1.5896163 1.5877480 1.5884665 1.6721088 1.8648162 1.8392614 1.9457490 2.0161819 2.8872805 3.1937856 1.3353913 1.3894603 1.5652115 1.5889768 1.5966259 1.6098329 1.5963096 
T.californicus-TRY75264.1     1.4090696 1.1981491 1.3878354 0.0000000 0.6719689 0.9819763 0.9822512 0.9822512 1.1063766 1.2075160 1.3074788 2.5010083 2.7548700 1.2954750 1.3580819 1.3534272 2.5829588 2.6142481 2.7842667 2.7891912 1.3075892 1.2733602 1.2733602 2.6257598 2.6257598 1.3580819 1.3024707 1.3342452 2.4680189 2.6301603 1.2862374 1.2862374 4.7909032 2.7356712 2.7356712 1.7537973 1.6723861 1.3401940 1.6641180 1.6186901 1.2690675 1.3375528 1.2570342 2.0113893 1.2112207 1.9451561 1.3103078 2.2028080 1.4519440 1.2522376 1.2940217 1.3680365 1.3680365 1.4624620 2.2142930 1.3441866 1.3114870 1.5252011 1.3637247 1.2189046 1.8560947 1.2933482 1.3285951 0.8056637 1.2161828 1.1520852 0.9226302 1.0709816 1.3713620 1.4134643 1.6368178 1.5264524 1.5526716 1.5535555 1.9316764 2.8175664 2.5365019 0.8314681 0.9257723 1.2160126 1.1466268 1.3052226 1.2748225 1.2802331 
A.amphitrite-KAF0289584.1     1.2470347 1.2648372 1.3898212 0.6719689 0.0000000 0.9823849 0.9826522 0.9826522 1.0428503 1.2458275 1.3076947 2.5028471 2.5781264 1.2312740 1.3784070 1.3533247 2.4812890 2.5106343 2.5382680 2.5638125 1.2913616 1.2895514 1.2895514 2.5811423 2.5811423 1.3784070 1.1873476 1.3276272 2.3734305 2.7591895 1.1995897 1.1995897 3.7781926 2.5017099 2.5017099 1.6382256 1.6445472 1.3045390 1.6847526 1.5561713 1.1787276 1.2661007 1.1857057 1.8470733 1.1331625 1.9066878 1.2514538 2.1207321 1.5378818 1.1486279 1.2501285 1.3109729 1.3109729 1.4003815 1.8775657 1.2256499 1.3109681 1.6071447 1.2918058 1.1841142 1.7540315 1.2639581 1.3503266 1.0186951 1.0826190 1.1323236 0.9276756 0.8620213 1.3825941 1.3711976 1.7593464 1.4939411 1.4775129 1.4562636 1.8196079 2.8258582 2.7146876 0.8850523 0.9511796 1.1466037 1.0766956 1.3161077 1.2970463 1.2282237 
D.citri-KAI5736882.1          1.4686981 1.2112654 1.4551582 0.9819763 0.9823849 0.0000000 0.0033308 0.0033308 0.7812151 1.1037441 1.1808683 2.5160005 2.6616326 1.1975722 1.2403794 1.1866745 2.4453468 2.4737953 2.6815862 2.6700050 1.1983958 1.1857303 1.1857303 2.2707145 2.2707145 1.2403794 1.2165048 1.1667044 2.4131333 2.5266195 1.1897355 1.1897355 4.4204741 2.4091981 2.4091981 1.5674575 1.4731168 1.2136098 1.6509631 1.6427960 1.1355811 1.2528782 1.1305258 1.9384040 1.1135296 1.8266329 1.2600062 2.1010087 1.3297215 1.2126597 1.2371179 1.3327410 1.3327410 1.5791540 1.9109616 0.9048277 1.1596525 1.1850468 1.2564417 1.1478198 1.7078208 1.2843734 1.2516226 1.1054339 1.0266319 1.1016646 0.9253591 1.3636334 1.4663193 1.4670871 1.6092450 1.8834599 1.6971055 1.8272977 1.9292643 3.0512014 2.8430089 1.0375232 1.0811888 1.3190461 1.2869962 1.3895595 1.3703687 1.3870608 
D.citri-KAI5704272.1          1.4734622 1.2007962 1.4439163 0.9822512 0.9826522 0.0033308 0.0000000 0.0000010 0.7817087 1.1141264 1.1932091 2.5253912 2.6594729 1.2102049 1.2535441 1.1751108 2.4705512 2.4993537 2.7095000 2.6977838 1.2093589 1.1981272 1.1981272 2.2691698 2.2691698 1.2535441 1.2273946 1.1789460 2.3879047 2.5529218 1.2024334 1.2024334 4.4204741 2.4214812 2.4214812 1.5752389 1.4885902 1.2263619 1.6591156 1.6286500 1.1476960 1.2639787 1.1425986 1.9239808 1.1255349 1.8257233 1.2598902 2.1115811 1.3411995 1.2005364 1.2408916 1.3372800 1.3372800 1.5869831 1.9208201 0.9156808 1.1718573 1.1907397 1.2674198 1.1600595 1.7162547 1.2957100 1.2648563 1.0961047 1.0379305 1.0903902 0.9362591 1.3529131 1.4815931 1.4823484 1.6146616 1.8646530 1.7145916 1.8090553 1.9127577 3.0277306 2.8678522 1.0377253 1.0918972 1.3310769 1.2934344 1.3964244 1.3825497 1.3993980 
D.citri-KAI5704273.1          1.4734622 1.2007962 1.4439163 0.9822512 0.9826522 0.0033308 0.0000010 0.0000000 0.7817087 1.1141264 1.1932091 2.5253912 2.6594729 1.2102049 1.2535441 1.1751108 2.4705512 2.4993537 2.7095000 2.6977838 1.2093589 1.1981272 1.1981272 2.2691698 2.2691698 1.2535441 1.2273946 1.1789460 2.3879047 2.5529218 1.2024334 1.2024334 4.4204741 2.4214812 2.4214812 1.5752389 1.4885902 1.2263619 1.6591156 1.6286500 1.1476960 1.2639787 1.1425986 1.9239808 1.1255349 1.8257233 1.2598902 2.1115811 1.3411995 1.2005364 1.2408916 1.3372800 1.3372800 1.5869831 1.9208201 0.9156808 1.1718573 1.1907397 1.2674198 1.1600595 1.7162547 1.2957100 1.2648563 1.0961047 1.0379305 1.0903902 0.9362591 1.3529131 1.4815931 1.4823484 1.6146616 1.8646530 1.7145916 1.8090553 1.9127577 3.0277306 2.8678522 1.0377253 1.0918972 1.3310769 1.2934344 1.3964244 1.3825497 1.3993980 
D.citri-KAI5742064.1          1.4052513 1.4556801 1.6040268 1.1063766 1.0428503 0.7812151 0.7817087 0.7817087 0.0000000 1.2887029 1.4783816 2.5914655 2.9306588 1.3761347 1.4320946 1.4240089 2.4089693 2.4467181 3.0084591 3.0012169 1.4265044 1.3570357 1.3570357 2.8240188 2.8240188 1.4320946 1.3199282 1.4624158 2.8668691 2.6151695 1.3893391 1.3893391 3.2114202 2.5514961 2.5514961 1.6381558 1.6015504 1.4450717 1.6744879 1.7323894 1.3598483 1.4855356 1.3444568 2.0212867 1.3445679 1.9910882 1.4742022 2.1281733 1.6691970 1.3817650 1.3489130 1.3968281 1.3968281 1.7850248 2.0965073 0.8488112 1.3448390 1.1521852 1.3919105 1.3230530 1.7608243 1.5003963 1.5359974 1.2730305 1.2631793 1.2581174 1.0491392 1.4912220 1.7093774 1.6909514 1.7252088 1.8299076 1.7405025 1.9982270 2.1750020 2.9623856 2.5522457 1.2486456 1.3177242 1.5897888 1.5580572 1.6172840 1.6309743 1.5775966 
D.kikuchii-KAJ0181768.1       1.5373978 1.3824785 1.6691635 1.2075160 1.2458275 1.1037441 1.1141264 1.1141264 1.2887029 0.0000000 0.8099872 2.1885888 1.9951397 0.1410234 0.2185725 0.8132768 2.1983362 2.2235762 2.2452746 2.2658238 0.1693151 0.7777162 0.7777162 2.0864751 2.0864751 0.2185725 0.1754175 0.8155186 1.9507391 2.2390645 0.1428751 0.1428751 3.2530015 2.1051503 2.1051503 1.8625266 1.8078602 0.6112295 1.8867825 1.7907441 0.5241087 0.5021106 0.5331806 1.9936832 0.5071433 1.8830364 0.5058085 2.1804248 0.7006898 0.6772611 0.6798616 0.7170089 0.7170089 0.9442138 2.0398163 1.2739729 0.7339735 1.5583911 0.7072259 0.5037639 1.9988017 0.5748743 0.6644735 1.4342160 0.4631523 1.3475795 1.0998007 1.4353148 1.6498130 1.6714221 1.7919258 2.0892627 1.9564508 2.0834454 2.4081623 2.8238226 2.5641389 1.1841332 1.2496882 1.4135421 1.4927099 1.5823591 1.5461193 1.5752705 
D.kikuchii-KAJ0175711.1       1.6676393 1.3549715 1.8385961 1.3074788 1.3076947 1.1808683 1.1932091 1.1932091 1.4783816 0.8099872 0.0000000 2.1011791 1.9172519 0.7952258 0.8589339 0.1375617 2.0845340 2.1081340 2.1003326 2.1139254 0.8396104 0.1428334 0.1428334 1.8675743 1.8675743 0.8589339 0.7873555 0.1150523 1.9526102 2.1779376 0.8161187 0.8161187 2.8063255 2.0081021 2.0081021 1.8897546 1.8939044 0.8620024 1.8101695 1.7927030 0.7972790 0.8148985 0.7884779 2.1083553 0.7720458 1.9628467 0.8246124 2.1490694 1.0395917 1.0201055 1.0789312 1.1429019 1.1429019 1.2129728 2.2726509 1.4791055 0.9153846 1.6460575 0.9699276 0.7841503 1.9293292 0.8110580 0.9967396 1.4694387 0.6936641 1.3730452 1.1736511 1.4448459 1.5814662 1.5447773 1.8372858 2.0592186 2.0224791 2.0360474 2.1668695 2.9261858 3.2101162 1.5206990 1.4739344 1.7437507 1.6481738 1.8295792 1.7926555 1.8116848 
D.kikuchii-KAJ0181766.1       2.7822092 2.4970033 2.9676798 2.5010083 2.5028471 2.5160005 2.5253912 2.5253912 2.5914655 2.1885888 2.1011791 0.0000000 1.8303067 2.1168677 2.2144941 2.0131434 0.2434667 0.2339802 1.7904461 1.7903129 2.1268088 2.2009740 2.2009740 1.7788757 1.7788757 2.2144941 2.2354699 2.1772759 1.6813994 0.2203569 2.1531791 2.1531791 0.2525475 0.3485962 0.3485962 3.2198150 3.3080801 2.1684559 3.2545550 2.8112276 2.2756457 2.3740897 2.3011946 3.2671085 2.2571959 3.0031965 2.3990070 2.9886629 2.3001100 2.6201379 2.6306629 2.7028870 2.7028870 2.8800651 2.9667404 2.6464793 2.0713663 2.6851083 2.2615414 2.2809732 3.0761440 2.0800391 2.2193095 2.4284899 2.1363174 2.7449562 2.1381722 2.8085703 2.9662247 2.9828934 2.8038904 2.9083890 3.3025644 3.2659504 3.8134765 3.7416613 4.4123032 2.5950472 2.5512516 2.7261469 2.7294408 2.7647537 2.7384801 2.7571424 
D.kikuchii-KAJ0181767.1       3.0448107 2.5983881 3.2075765 2.7548700 2.5781264 2.6616326 2.6594729 2.6594729 2.9306588 1.9951397 1.9172519 1.8303067 0.0000000 1.9769229 1.9236315 1.9687067 1.8395225 1.8544923 0.6281806 0.6439205 2.0121360 1.9373750 1.9373750 0.5697111 0.5697111 1.9236315 2.0264418 1.9640599 0.5650482 1.8382374 1.9892590 1.9892590 2.1829160 1.7779642 1.7779642 3.7326448 3.7074161 2.4039138 4.0296255 2.9582371 2.1584454 2.2617597 2.1859986 3.4666354 2.1759918 3.1181861 2.2164258 3.4071544 2.4491760 2.2964186 2.3945938 2.3859677 2.3859677 2.6364344 3.0313013 2.5567596 2.3227592 3.1319016 2.2858491 2.1988620 3.6833613 2.2253220 2.3194269 2.7872594 2.0925899 2.6215734 2.5150313 2.6828496 3.2407855 3.1636075 3.1061656 3.5638229 3.7917566 4.1256190 4.9912340 3.8954191 4.0827502 2.6854016 2.6813397 3.1096811 3.2939922 3.3905938 3.2943094 3.2676789 
S.littoralis-CAB3515165.1     1.5429847 1.4174689 1.6435089 1.2954750 1.2312740 1.1975722 1.2102049 1.2102049 1.3761347 0.1410234 0.7952258 2.1168677 1.9769229 0.0000000 0.1369350 0.8130800 2.1348179 2.1593832 2.1865172 2.2066506 0.1470729 0.7449578 0.7449578 1.9997073 1.9997073 0.1369350 0.1003788 0.8052066 1.9400665 2.1845461 0.1321061 0.1321061 3.2329434 2.0516643 2.0516643 1.8962306 1.7927354 0.5782253 1.8759072 1.8187451 0.5083801 0.5278488 0.5308233 2.0695525 0.4639077 1.8737838 0.5249901 2.1496466 0.6724985 0.6811660 0.6735947 0.6944838 0.6944838 0.8969242 1.9870603 1.3239392 0.6618350 1.4992255 0.6666155 0.4880064 1.9670370 0.5580559 0.6128169 1.4438873 0.4320078 1.3179411 1.0341461 1.3943315 1.6010757 1.5964459 1.7691765 2.0474751 1.9783597 2.0426535 2.3977502 2.7209812 2.5439050 1.2345689 1.2789297 1.4652010 1.5355516 1.5850620 1.5547463 1.5853111 
A.plantaginis-CAB3231150.1    1.5483135 1.3982087 1.6339015 1.3580819 1.3784070 1.2403794 1.2535441 1.2535441 1.4320946 0.2185725 0.8589339 2.2144941 1.9236315 0.1369350 0.0000000 0.8812833 2.2785762 2.3051726 2.1165328 2.1344288 0.2225120 0.8112994 0.8112994 1.9474214 1.9474214 0.0000010 0.1673249 0.8804095 1.9738562 2.2606126 0.1982382 0.1982382 3.0294145 2.1366722 2.1366722 1.8182174 1.8469332 0.6700849 1.9560597 1.9306448 0.5903039 0.5997883 0.6031495 2.1172990 0.5600661 2.0013974 0.6080181 2.2417348 0.7709835 0.7325319 0.7519126 0.7697635 0.7697635 0.9496200 2.0194653 1.3025284 0.7373150 1.4201844 0.7271637 0.5473648 2.0219771 0.6295143 0.6591111 1.5796169 0.5068668 1.2976076 1.0940792 1.5164566 1.6769766 1.6611958 1.8538436 2.2357870 2.0904534 2.2688720 2.6582210 2.7056308 2.4690056 1.2945589 1.3706845 1.5668397 1.6616832 1.7274822 1.7245072 1.7208018 
A.plantaginis-CAB3223254.1    1.6571669 1.2825809 1.8094125 1.3534272 1.3533247 1.1866745 1.1751108 1.1751108 1.4240089 0.8132768 0.1375617 2.0131434 1.9687067 0.8130800 0.8812833 0.0000000 2.0300593 2.0532156 2.1747765 2.1872488 0.8711946 0.1608466 0.1608466 1.8913282 1.8913282 0.8812833 0.8361570 0.1390460 1.9996023 2.1017990 0.8138822 0.8138822 2.6820486 1.9200877 1.9200877 1.9302147 1.9248763 0.9291275 1.8605607 1.8552337 0.8466760 0.8545708 0.8378671 2.1880113 0.8190324 2.0018465 0.8564823 2.2064378 1.1112651 1.0359628 1.1178129 1.1838861 1.1838861 1.3178943 2.3707331 1.5080067 0.9528484 1.6658615 1.0145388 0.8338886 1.9277649 0.8703431 1.0660654 1.4714694 0.7704896 1.3441192 1.1781721 1.4733429 1.6307544 1.6182467 1.8642030 2.1215878 2.0601765 2.0764833 2.2519434 2.9474393 3.3010335 1.5272161 1.5313316 1.7780623 1.6930803 1.8956054 1.8639614 1.8618137 
A.plantaginis-CAB3231154.1    2.6101707 2.4720427 2.9842688 2.5829588 2.4812890 2.4453468 2.4705512 2.4705512 2.4089693 2.1983362 2.0845340 0.2434667 1.8395225 2.1348179 2.2785762 2.0300593 0.0000000 0.0068329 1.8781596 1.8738545 2.1261304 2.1419785 2.1419785 1.7497703 1.7497703 2.2785762 2.2190139 2.1089171 1.7951380 0.1422046 2.1135764 2.1135764 0.1875352 0.3125865 0.3125865 3.0845075 3.1503763 2.0714547 3.2936905 2.8307937 2.1423758 2.3531066 2.1652517 3.1632876 2.1502480 3.0516282 2.3763256 2.9760536 2.3048103 2.3611929 2.4010048 2.4841882 2.4841882 2.7405347 2.9660144 2.4463277 2.0348755 2.7071763 2.2330612 2.2179071 3.1112167 2.0057772 2.1569641 2.4094685 2.0705896 2.5762794 2.2190028 2.6937766 2.8071776 2.8197545 2.8515818 2.9250992 3.2648114 3.2845794 4.1534571 3.6563512 4.0809179 2.6860439 2.6781462 2.7730259 2.8444023 2.8810973 2.8625560 2.8644035 
A.plantaginis-CAB3249883.1    2.6412982 2.5023536 3.0217174 2.6142481 2.5106343 2.4737953 2.4993537 2.4993537 2.4467181 2.2235762 2.1081340 0.2339802 1.8544923 2.1593832 2.3051726 2.0532156 0.0068329 0.0000000 1.8992591 1.8949013 2.1507903 2.1661131 2.1661131 1.7640666 1.7640666 2.3051726 2.2447898 2.1329414 1.8097058 0.1418223 2.1378672 2.1378672 0.1875352 0.3146709 0.3146709 3.1342694 3.2013639 2.0950830 3.3475966 2.8307937 2.1668981 2.3802139 2.1900055 3.1659839 2.1749119 3.0543066 2.4037326 2.9786700 2.3314227 2.3891615 2.4292153 2.5156849 2.5156849 2.7487862 2.9755790 2.4782984 2.0582999 2.7472327 2.2588829 2.2438541 3.1617312 2.0289685 2.1819989 2.4081553 2.0940811 2.6068556 2.2240033 2.7352952 2.8625180 2.8753086 2.8762899 2.9770516 3.3314056 3.3256655 4.1729243 3.6697518 4.1005000 2.6885138 2.6805770 2.7755366 2.8469347 2.8992597 2.8651380 2.8669910 
A.plantaginis-CAB3249884.1    3.2239420 2.8701119 3.3476222 2.7842667 2.5382680 2.6815862 2.7095000 2.7095000 3.0084591 2.2452746 2.1003326 1.7904461 0.6281806 2.1865172 2.1165328 2.1747765 1.8781596 1.8992591 0.0000000 0.0068990 2.2666996 2.0771910 2.0771910 0.7077030 0.7077030 2.1165328 2.1604773 2.2260246 0.5414928 1.7422966 2.1706842 2.1706842 1.9991138 1.7710602 1.7710602 3.4125923 3.4144280 2.6737395 3.6742056 3.2801713 2.4135363 2.5212915 2.4094352 3.6764828 2.4312878 3.4491180 2.5459494 3.8340048 2.6584361 2.5675731 2.5772319 2.5784295 2.5784295 2.8016153 3.3816297 2.8569840 2.4052815 3.4339239 2.3640583 2.4966556 3.3871630 2.5053209 2.5282077 3.1649820 2.1849514 2.6500962 2.5982060 2.9786377 3.1573095 3.1670739 3.4346965 3.7067027 3.9492859 4.1693690 4.4555266 3.7620428 4.2229326 2.9088679 3.0254307 3.1682708 3.4584882 3.5634587 3.5019958 3.4431886 
A.plantaginis-CAB3231153.1    3.2280704 2.8858638 3.3767281 2.7891912 2.5638125 2.6700050 2.6977838 2.6977838 3.0012169 2.2658238 2.1139254 1.7903129 0.6439205 2.2066506 2.1344288 2.1872488 1.8738545 1.8949013 0.0068990 0.0000000 2.2856898 2.0891234 2.0891234 0.7247747 0.7247747 2.1344288 2.1804070 2.2386983 0.5559908 1.7329938 2.1858531 2.1858531 2.0473671 1.7709413 1.7709413 3.4367027 3.4384877 2.6732196 3.7009539 3.2969045 2.4299283 2.5456897 2.4258027 3.6921185 2.4549321 3.4927581 2.5705656 3.8384322 2.6823454 2.5757930 2.5861771 2.5880709 2.5880709 2.7888881 3.3932701 2.8730530 2.3941552 3.4164990 2.3717041 2.4834049 3.4076653 2.4919170 2.5496930 3.1659977 2.2065834 2.6560780 2.6159239 3.0059761 3.1712318 3.1810255 3.4812976 3.7178824 3.9663176 4.1740970 4.4590252 3.7829880 4.2673803 2.9334247 3.0511441 3.1950642 3.4884722 3.5949130 3.5328829 3.4735583 
B.ino-CAH0726637.1            1.5460577 1.4425246 1.6803289 1.3075892 1.2913616 1.1983958 1.2093589 1.2093589 1.4265044 0.1693151 0.8396104 2.1268088 2.0121360 0.1470729 0.2225120 0.8711946 2.1261304 2.1507903 2.2666996 2.2856898 0.0000000 0.8172392 0.8172392 2.1171991 2.1171991 0.2225120 0.2341501 0.8742507 1.9801830 2.1250475 0.1417601 0.1417601 2.7863167 2.0696609 2.0696609 1.9439634 1.9599497 0.6023778 1.9810166 1.8781166 0.5279164 0.5270182 0.5423954 2.1475058 0.4868282 1.8786221 0.5308000 2.2032519 0.7123043 0.6810898 0.6729118 0.6951196 0.6951196 0.8948267 2.0333635 1.3568908 0.6779403 1.5407656 0.6849136 0.5373456 2.0161605 0.5580060 0.6128325 1.5088275 0.4513930 1.2455967 1.0897831 1.4538124 1.6561470 1.6601782 1.7998952 2.1548223 2.1202547 2.1781578 2.5232992 2.8312882 2.5541271 1.2171461 1.3220262 1.4536936 1.5083081 1.6026859 1.5646964 1.5965037 
B.ino-CAH0714536.1            1.6302611 1.3975294 1.7381862 1.2733602 1.2895514 1.1857303 1.1981272 1.1981272 1.3570357 0.7777162 0.1428334 2.2009740 1.9373750 0.7449578 0.8112994 0.1608466 2.1419785 2.1661131 2.0771910 2.0891234 0.8172392 0.0000000 0.0000010 1.9085661 1.9085661 0.8112994 0.7725427 0.1643472 1.9574657 2.2402722 0.7822718 0.7822718 3.3729669 2.0723089 2.0723089 1.8093252 1.7308287 0.9138984 1.7413902 1.8881652 0.8282308 0.8388688 0.8123740 2.1211733 0.8050637 1.9379926 0.8487463 2.2755488 1.0866843 0.9670725 1.0037212 1.0724178 1.0724178 1.2673144 2.3379469 1.4935627 0.8766201 1.6249130 1.0165689 0.8020903 1.7932768 0.9045343 1.0255872 1.4841581 0.7249229 1.3045397 1.1757497 1.4324402 1.6295753 1.6243613 1.7784843 2.0658992 1.9929460 2.0428186 2.2212185 2.8554594 2.8714035 1.4675568 1.4808364 1.6200781 1.5548558 1.7595173 1.7237592 1.6994683 
B.ino-CAH0714537.1            1.6302611 1.3975294 1.7381862 1.2733602 1.2895514 1.1857303 1.1981272 1.1981272 1.3570357 0.7777162 0.1428334 2.2009740 1.9373750 0.7449578 0.8112994 0.1608466 2.1419785 2.1661131 2.0771910 2.0891234 0.8172392 0.0000010 0.0000000 1.9085661 1.9085661 0.8112994 0.7725427 0.1643472 1.9574657 2.2402722 0.7822718 0.7822718 3.3729669 2.0723089 2.0723089 1.8093252 1.7308287 0.9138984 1.7413902 1.8881652 0.8282308 0.8388688 0.8123740 2.1211733 0.8050637 1.9379926 0.8487463 2.2755488 1.0866843 0.9670725 1.0037212 1.0724178 1.0724178 1.2673144 2.3379469 1.4935627 0.8766201 1.6249130 1.0165689 0.8020903 1.7932768 0.9045343 1.0255872 1.4841581 0.7249229 1.3045397 1.1757497 1.4324402 1.6295753 1.6243613 1.7784843 2.0658992 1.9929460 2.0428186 2.2212185 2.8554594 2.8714035 1.4675568 1.4808364 1.6200781 1.5548558 1.7595173 1.7237592 1.6994683 
B.ino-CAH0726632.1            3.1009995 2.5413917 3.0810306 2.6257598 2.5811423 2.2707145 2.2691698 2.2691698 2.8240188 2.0864751 1.8675743 1.7788757 0.5697111 1.9997073 1.9474214 1.8913282 1.7497703 1.7640666 0.7077030 0.7247747 2.1171991 1.9085661 1.9085661 0.0000000 0.0000010 1.9474214 2.0250464 1.9463018 0.6302831 1.7257273 2.1386977 2.1386977 2.4208273 1.5985721 1.5985721 3.5110315 3.4871725 2.3684524 3.6206411 2.6150488 2.1457141 2.3128543 2.1666186 3.0898620 2.1085750 2.8967975 2.2835148 3.1296611 2.5800045 2.3923299 2.3870612 2.3522820 2.3522820 2.5983111 2.9466132 2.6346709 2.2001387 2.6708994 2.3613837 2.1690358 3.5509320 2.2717368 2.2799253 2.9420684 1.9982360 2.5171725 2.3289589 2.6649880 3.1392065 3.1229423 3.0807715 3.5590282 3.8924143 4.0618101 4.4306692 3.7147515 4.0881360 2.6426175 2.8754875 3.0851626 3.2492824 3.2522107 3.1990745 3.1951738 
B.ino-CAH0726633.1            3.1009995 2.5413917 3.0810306 2.6257598 2.5811423 2.2707145 2.2691698 2.2691698 2.8240188 2.0864751 1.8675743 1.7788757 0.5697111 1.9997073 1.9474214 1.8913282 1.7497703 1.7640666 0.7077030 0.7247747 2.1171991 1.9085661 1.9085661 0.0000010 0.0000000 1.9474214 2.0250464 1.9463018 0.6302831 1.7257273 2.1386977 2.1386977 2.4208273 1.5985721 1.5985721 3.5110315 3.4871725 2.3684524 3.6206411 2.6150488 2.1457141 2.3128543 2.1666186 3.0898620 2.1085750 2.8967975 2.2835148 3.1296611 2.5800045 2.3923299 2.3870612 2.3522820 2.3522820 2.5983111 2.9466132 2.6346709 2.2001387 2.6708994 2.3613837 2.1690358 3.5509320 2.2717368 2.2799253 2.9420684 1.9982360 2.5171725 2.3289589 2.6649880 3.1392065 3.1229423 3.0807715 3.5590282 3.8924143 4.0618101 4.4306692 3.7147515 4.0881360 2.6426175 2.8754875 3.0851626 3.2492824 3.2522107 3.1990745 3.1951738 
A.plantaginis-CAB3231151.1    1.5483135 1.3982087 1.6339015 1.3580819 1.3784070 1.2403794 1.2535441 1.2535441 1.4320946 0.2185725 0.8589339 2.2144941 1.9236315 0.1369350 0.0000010 0.8812833 2.2785762 2.3051726 2.1165328 2.1344288 0.2225120 0.8112994 0.8112994 1.9474214 1.9474214 0.0000000 0.1673249 0.8804095 1.9738562 2.2606126 0.1982382 0.1982382 3.0294145 2.1366722 2.1366722 1.8182174 1.8469332 0.6700849 1.9560597 1.9306448 0.5903039 0.5997883 0.6031495 2.1172990 0.5600661 2.0013974 0.6080181 2.2417348 0.7709835 0.7325319 0.7519126 0.7697635 0.7697635 0.9496200 2.0194653 1.3025284 0.7373150 1.4201844 0.7271637 0.5473648 2.0219771 0.6295143 0.6591111 1.5796169 0.5068668 1.2976076 1.0940792 1.5164566 1.6769766 1.6611958 1.8538436 2.2357870 2.0904534 2.2688720 2.6582210 2.7056308 2.4690056 1.2945589 1.3706845 1.5668397 1.6616832 1.7274822 1.7245072 1.7208018 
H.armigera-PZC78836.1         1.5375633 1.3659722 1.6223173 1.3024707 1.1873476 1.2165048 1.2273946 1.2273946 1.3199282 0.1754175 0.7873555 2.2354699 2.0264418 0.1003788 0.1673249 0.8361570 2.2190139 2.2447898 2.1604773 2.1804070 0.2341501 0.7725427 0.7725427 2.0250464 2.0250464 0.1673249 0.0000000 0.8209670 1.9758173 2.2510285 0.2018220 0.2018220 3.0965309 2.1064424 2.1064424 1.9037510 1.8752161 0.6325097 1.9222566 1.8604896 0.5569994 0.5471439 0.5639764 2.0038952 0.5337526 1.9035834 0.5616077 2.0402242 0.7074138 0.6962831 0.6980381 0.7280024 0.7280024 0.9304471 2.0106471 1.2493110 0.7098955 1.4876415 0.7049540 0.5468317 2.0033584 0.6091861 0.6490924 1.4157013 0.4770835 1.3429513 1.0793397 1.4096068 1.6557231 1.6529429 1.7292517 2.1170913 2.0199085 2.1643764 2.5454700 2.7643929 2.6535380 1.2676303 1.3061103 1.5130373 1.5393598 1.6743672 1.6266916 1.6420026 
H.armigera-PZC83667.1         1.7370748 1.3315485 1.8687268 1.3342452 1.3276272 1.1667044 1.1789460 1.1789460 1.4624158 0.8155186 0.1150523 2.1772759 1.9640599 0.8052066 0.8804095 0.1390460 2.1089171 2.1329414 2.2260246 2.2386983 0.8742507 0.1643472 0.1643472 1.9463018 1.9463018 0.8804095 0.8209670 0.0000000 1.9586380 2.2422975 0.8287162 0.8287162 3.0807605 2.0882343 2.0882343 1.9839406 1.9818886 0.9288989 1.9257029 1.8831870 0.8108677 0.8366003 0.8026467 2.2085117 0.7984799 1.9597039 0.8464521 2.1452610 1.1215581 1.0206025 1.1094246 1.1545517 1.1545517 1.2500157 2.3041022 1.5378703 0.9709173 1.6721173 1.0347294 0.8096129 2.0071372 0.8790999 1.0519536 1.5318409 0.7860594 1.3780458 1.2695116 1.4156854 1.5812049 1.5515265 1.9088034 2.1348061 2.0123367 2.1140947 2.2826053 2.9195580 3.0712278 1.4435765 1.4758100 1.6756535 1.6241043 1.7710158 1.7346838 1.8067688 
H.armigera-PZC78838.1         2.9369233 2.6809003 3.1520245 2.4680189 2.3734305 2.4131333 2.3879047 2.3879047 2.8668691 1.9507391 1.9526102 1.6813994 0.5650482 1.9400665 1.9738562 1.9996023 1.7951380 1.8097058 0.5414928 0.5559908 1.9801830 1.9574657 1.9574657 0.6302831 0.6302831 1.9738562 1.9758173 1.9586380 0.0000000 1.8728420 1.9625427 1.9625427 1.8565972 1.8398942 1.8398942 3.5895408 3.4525621 2.3546820 3.7048354 2.8019714 2.0927298 2.2386050 2.1101795 3.2407738 2.0825635 3.0009263 2.2408044 3.4243849 2.3729594 2.2258707 2.2498758 2.2500348 2.2500348 2.6420834 3.1357661 2.3731351 2.2018684 3.0273492 2.2248163 2.1410724 3.4356972 2.2280517 2.2866990 2.7542522 2.0179120 2.5937135 2.3320616 2.6490950 3.0123294 3.0179510 3.1221576 3.7009936 3.7122842 4.1471735 4.5017635 3.7113871 3.8753262 2.4407887 2.6923006 2.8957314 3.0892547 3.1755050 3.0906360 3.0728511 
H.armigera-PZC78839.1         2.8430190 2.6718481 3.2075323 2.6301603 2.7591895 2.5266195 2.5529218 2.5529218 2.6151695 2.2390645 2.1779376 0.2203569 1.8382374 2.1845461 2.2606126 2.1017990 0.1422046 0.1418223 1.7422966 1.7329938 2.1250475 2.2402722 2.2402722 1.7257273 1.7257273 2.2606126 2.2510285 2.2422975 1.8728420 0.0000000 2.1576944 2.1576944 0.3010650 0.3466252 0.3466252 3.3231928 3.4248242 2.2243573 3.5400442 2.9057856 2.2121959 2.4233472 2.2360579 3.3148733 2.2413715 3.0762908 2.4476034 3.1771132 2.4283642 2.4657023 2.5946797 2.6751128 2.6751128 2.8334663 3.0299677 2.6371989 2.1318213 2.7769240 2.3642663 2.2855455 3.3240174 2.1351581 2.2722862 2.4730693 2.1294545 2.6292768 2.2267185 2.7396619 3.0505043 3.0641121 3.1798810 3.0406890 3.5017094 3.4521930 4.4813609 3.7557141 4.1903758 2.6687592 2.7193187 2.8039883 2.8179338 2.8600182 2.8415072 2.8433145 
I.podalirius-CAH2066547.1     1.5225341 1.4254233 1.6495426 1.2862374 1.1995897 1.1897355 1.2024334 1.2024334 1.3893391 0.1428751 0.8161187 2.1531791 1.9892590 0.1321061 0.1982382 0.8138822 2.1135764 2.1378672 2.1706842 2.1858531 0.1417601 0.7822718 0.7822718 2.1386977 2.1386977 0.1982382 0.2018220 0.8287162 1.9625427 2.1576944 0.0000000 0.0000010 3.0462984 2.0570808 2.0570808 1.9706007 1.9334750 0.6041253 2.0002039 1.8683647 0.5162543 0.5637676 0.5305277 2.0784706 0.5178544 1.9090302 0.5609203 2.2017134 0.7198509 0.6797510 0.7250673 0.7395710 0.7395710 0.9508313 2.0347977 1.3560842 0.6656307 1.5967616 0.6793436 0.5355652 2.0645142 0.5595479 0.6220308 1.3994468 0.4706609 1.2900661 1.0829391 1.4403708 1.7429377 1.7470722 1.8512255 2.1781969 2.1103101 2.1528074 2.5732107 2.8792326 2.6983283 1.2223066 1.3231994 1.4151673 1.4766843 1.6020485 1.5714151 1.5959025 
I.podalirius-CAH2066549.1     1.5225341 1.4254233 1.6495426 1.2862374 1.1995897 1.1897355 1.2024334 1.2024334 1.3893391 0.1428751 0.8161187 2.1531791 1.9892590 0.1321061 0.1982382 0.8138822 2.1135764 2.1378672 2.1706842 2.1858531 0.1417601 0.7822718 0.7822718 2.1386977 2.1386977 0.1982382 0.2018220 0.8287162 1.9625427 2.1576944 0.0000010 0.0000000 3.0462984 2.0570808 2.0570808 1.9706007 1.9334750 0.6041253 2.0002039 1.8683647 0.5162543 0.5637676 0.5305277 2.0784706 0.5178544 1.9090302 0.5609203 2.2017134 0.7198509 0.6797510 0.7250673 0.7395710 0.7395710 0.9508313 2.0347977 1.3560842 0.6656307 1.5967616 0.6793436 0.5355652 2.0645142 0.5595479 0.6220308 1.3994468 0.4706609 1.2900661 1.0829391 1.4403708 1.7429377 1.7470722 1.8512255 2.1781969 2.1103101 2.1528074 2.5732107 2.8792326 2.6983283 1.2223066 1.3231994 1.4151673 1.4766843 1.6020485 1.5714151 1.5959025 
I.podalirius-CAH2066545.1     2.6499498 2.4615422 2.6576159 4.7909032 3.7781926 4.4204741 4.4204741 4.4204741 3.2114202 3.2530015 2.8063255 0.2525475 2.1829160 3.2329434 3.0294145 2.6820486 0.1875352 0.1875352 1.9991138 2.0473671 2.7863167 3.3729669 3.3729669 2.4208273 2.4208273 3.0294145 3.0965309 3.0807605 1.8565972 0.3010650 3.0462984 3.0462984 0.0000000 0.0000010 0.0000010 3.2524415 3.2331116 3.3609690 3.8559939 3.3137986 4.0772569 3.4590256 4.1368882 3.2924241 3.1707106 2.9519735 3.4590256 2.3269682 5.2231285 3.8011102 3.2868524 4.9985835 4.9985835 2.8097366 3.5371926 2.5203870 3.1670413 4.4055023 3.1176714 3.8338209 3.4322959 3.6203053 3.8830689 3.0254087 2.4515438 3.2296038 2.5021458 3.7507498 5.0627005 5.0627005 3.0202884 3.3904825 3.0242785 3.8585182 9.0000000 4.9003556 5.9878971 3.5613444 4.4920096 3.0276558 3.0086074 3.6845343 3.6845343 4.3484008 
I.podalirius-CAH2066543.1     2.8175547 2.4510245 2.8705180 2.7356712 2.5017099 2.4091981 2.4214812 2.4214812 2.5514961 2.1051503 2.0081021 0.3485962 1.7779642 2.0516643 2.1366722 1.9200877 0.3125865 0.3146709 1.7710602 1.7709413 2.0696609 2.0723089 2.0723089 1.5985721 1.5985721 2.1366722 2.1064424 2.0882343 1.8398942 0.3466252 2.0570808 2.0570808 0.0000010 0.0000000 0.0000010 3.2026755 3.3505456 1.9540528 3.4449025 3.0455098 2.1571391 2.3206849 2.1715303 3.3724864 2.1508905 3.2826728 2.3483059 2.9173781 2.2934635 2.4129571 2.3640893 2.3634809 2.3634809 2.6651999 2.8861139 2.4395805 2.0229330 2.6453399 2.1582159 2.2462108 3.2064337 1.8902899 2.0619841 2.5912275 1.9450668 2.5618000 2.1710768 2.6708401 3.0753456 3.0578038 3.0087864 3.0199661 3.3034753 3.4154105 4.4725755 3.6092027 4.5391858 2.6070483 2.6708064 2.7599718 2.7574982 2.8135334 2.8108426 2.8707914 
I.podalirius-CAH2066541.1     2.8175547 2.4510245 2.8705180 2.7356712 2.5017099 2.4091981 2.4214812 2.4214812 2.5514961 2.1051503 2.0081021 0.3485962 1.7779642 2.0516643 2.1366722 1.9200877 0.3125865 0.3146709 1.7710602 1.7709413 2.0696609 2.0723089 2.0723089 1.5985721 1.5985721 2.1366722 2.1064424 2.0882343 1.8398942 0.3466252 2.0570808 2.0570808 0.0000010 0.0000010 0.0000000 3.2026755 3.3505456 1.9540528 3.4449025 3.0455098 2.1571391 2.3206849 2.1715303 3.3724864 2.1508905 3.2826728 2.3483059 2.9173781 2.2934635 2.4129571 2.3640893 2.3634809 2.3634809 2.6651999 2.8861139 2.4395805 2.0229330 2.6453399 2.1582159 2.2462108 3.2064337 1.8902899 2.0619841 2.5912275 1.9450668 2.5618000 2.1710768 2.6708401 3.0753456 3.0578038 3.0087864 3.0199661 3.3034753 3.4154105 4.4725755 3.6092027 4.5391858 2.6070483 2.6708064 2.7599718 2.7574982 2.8135334 2.8108426 2.8707914 
C.capitata-CAD6994394.1       1.8073905 1.9566840 2.0970021 1.7537973 1.6382256 1.5674575 1.5752389 1.5752389 1.6381558 1.8625266 1.8897546 3.2198150 3.7326448 1.8962306 1.8182174 1.9302147 3.0845075 3.1342694 3.4125923 3.4367027 1.9439634 1.8093252 1.8093252 3.5110315 3.5110315 1.8182174 1.9037510 1.9839406 3.5895408 3.3231928 1.9706007 1.9706007 3.2524415 3.2026755 3.2026755 0.0000000 0.1863336 1.8414966 0.2478953 2.3828702 1.9347851 1.9479919 1.9108623 2.5475401 1.8370287 2.3521870 1.9709885 2.6946720 1.9759826 1.8057555 1.6814028 1.6910650 1.6910650 2.0224977 2.2368150 1.9659309 1.7778154 2.0419974 1.8477916 1.9272591 0.2091871 1.9186390 1.8077982 2.1157872 1.6459945 1.5688756 1.3697611 1.9683717 2.1148005 2.1387491 2.2479666 2.1452010 2.0496624 2.2551976 2.2464016 3.1013531 3.4151794 1.8983458 1.8207413 1.9066630 2.0478073 2.0155604 2.0886846 2.0358522 
L.cuprina-KAI8116404.1        1.7831660 1.9386218 1.9706560 1.6723861 1.6445472 1.4731168 1.4885902 1.4885902 1.6015504 1.8078602 1.8939044 3.3080801 3.7074161 1.7927354 1.8469332 1.9248763 3.1503763 3.2013639 3.4144280 3.4384877 1.9599497 1.7308287 1.7308287 3.4871725 3.4871725 1.8469332 1.8752161 1.9818886 3.4525621 3.4248242 1.9334750 1.9334750 3.2331116 3.3505456 3.3505456 0.1863336 0.0000000 1.7458301 0.2484089 2.4391366 1.8738581 1.9882311 1.8839501 2.6148587 1.7721856 2.4143025 1.9992107 2.7855784 1.9297592 1.8944782 1.7487549 1.7482679 1.7482679 2.0019129 2.2908617 1.9743346 1.7674605 2.0769471 1.8810672 1.8691724 0.2431292 1.8336666 1.7461689 2.1313508 1.6318172 1.6790980 1.4558141 2.0762970 2.0286485 2.0517554 2.2151026 2.0274650 1.9618670 2.1181200 1.9889883 3.2239805 3.3612431 1.7515752 1.7541554 1.9002605 1.9984151 1.9737335 2.0309018 1.9596227 
L.cuprina-KAI8130912.2        1.5225515 1.4730154 1.7775008 1.3401940 1.3045390 1.2136098 1.2263619 1.2263619 1.4450717 0.6112295 0.8620024 2.1684559 2.4039138 0.5782253 0.6700849 0.9291275 2.0714547 2.0950830 2.6737395 2.6732196 0.6023778 0.9138984 0.9138984 2.3684524 2.3684524 0.6700849 0.6325097 0.9288989 2.3546820 2.2243573 0.6041253 0.6041253 3.3609690 1.9540528 1.9540528 1.8414966 1.7458301 0.0000000 1.9285454 2.0345814 0.4998652 0.5327259 0.4905736 2.3615818 0.4805943 2.1912536 0.5404373 2.3779760 0.3662835 0.7606870 0.7444949 0.7536987 0.7536987 1.0223652 1.9900086 1.3548165 0.6914086 1.6504056 0.6258490 0.5585849 1.9527987 0.1609203 0.2764462 1.4877256 0.4868922 1.2510442 1.1142883 1.5325821 1.7405455 1.7255152 1.8393854 2.0183031 1.9933360 1.9746435 2.2554554 2.7986878 2.7231982 1.3718559 1.4169328 1.4643312 1.5453895 1.6558062 1.6432509 1.6209321 
G.fuscipes-KAI9577037.1       1.8574718 1.9935321 2.1642530 1.6641180 1.6847526 1.6509631 1.6591156 1.6591156 1.6744879 1.8867825 1.8101695 3.2545550 4.0296255 1.8759072 1.9560597 1.8605607 3.2936905 3.3475966 3.6742056 3.7009539 1.9810166 1.7413902 1.7413902 3.6206411 3.6206411 1.9560597 1.9222566 1.9257029 3.7048354 3.5400442 2.0002039 2.0002039 3.8559939 3.4449025 3.4449025 0.2478953 0.2484089 1.9285454 0.0000000 2.4465847 1.9316778 1.9245111 1.9315790 2.5379870 1.8114247 2.3643596 1.9395939 2.6819138 2.0053717 1.8803281 1.7781781 1.8156706 1.8156706 2.0392189 2.2941057 2.1522314 1.8585353 2.1260375 1.8732302 1.8654019 0.2742562 2.0037675 1.9301150 2.0970374 1.6883666 1.7562804 1.4602849 2.0240873 2.0537712 2.0609434 2.0601238 2.1600844 2.1615408 2.3150281 2.2433684 3.4788532 3.5165945 1.9365262 1.8662319 2.0735973 2.1541291 2.0745041 2.1490429 2.0912728 
T.longispinosus-TGZ32222.1    2.3472926 1.9847821 2.3580696 1.6186901 1.5561713 1.6427960 1.6286500 1.6286500 1.7323894 1.7907441 1.7927030 2.8112276 2.9582371 1.8187451 1.9306448 1.8552337 2.8307937 2.8307937 3.2801713 3.2969045 1.8781166 1.8881652 1.8881652 2.6150488 2.6150488 1.9306448 1.8604896 1.8831870 2.8019714 2.9057856 1.8683647 1.8683647 3.3137986 3.0455098 3.0455098 2.3828702 2.4391366 2.0345814 2.4465847 0.0000000 1.9290765 1.9895760 1.8749839 0.1731667 1.9580717 0.3639350 1.9579591 0.6683519 2.1651021 2.0425659 2.0645088 2.1219248 2.1219248 2.2811032 2.5575845 1.7540018 1.9998086 1.9547426 2.1264926 2.0237995 2.6077410 2.1133027 2.1385942 1.9934388 1.9420561 2.1282181 1.6400028 1.9041170 2.3922179 2.4154133 2.2318580 1.9269670 2.0852145 2.1931504 2.1370588 2.9836660 3.1983801 1.9654919 2.1914574 2.4140055 2.3616043 2.5918364 2.5666883 2.5448406 
E.burchellii-KAH0956584.1     1.4532883 1.4330591 1.8114698 1.2690675 1.1787276 1.1355811 1.1476960 1.1476960 1.3598483 0.5241087 0.7972790 2.2756457 2.1584454 0.5083801 0.5903039 0.8466760 2.1423758 2.1668981 2.4135363 2.4299283 0.5279164 0.8282308 0.8282308 2.1457141 2.1457141 0.5903039 0.5569994 0.8108677 2.0927298 2.2121959 0.5162543 0.5162543 4.0772569 2.1571391 2.1571391 1.9347851 1.8738581 0.4998652 1.9316778 1.9290765 0.0000000 0.2411042 0.0307498 2.2437007 0.0825333 2.2095271 0.2378547 2.3017676 0.6117878 0.6752971 0.6845548 0.7132275 0.7132275 0.9666086 2.0457878 1.3981225 0.5860171 1.7338655 0.5912504 0.1415601 1.8943745 0.5369032 0.5111055 1.4046349 0.2983987 1.0463729 1.0536053 1.4844530 1.6963809 1.6938476 1.7235326 1.9953443 1.8628513 2.0119183 2.3494610 3.0771775 2.9290775 1.2661120 1.4453713 1.5790330 1.5484223 1.7233018 1.7078566 1.7219496 
C.glomerata-KAH0554196.1      1.4529752 1.3844936 1.9002912 1.3375528 1.2661007 1.2528782 1.2639787 1.2639787 1.4855356 0.5021106 0.8148985 2.3740897 2.2617597 0.5278488 0.5997883 0.8545708 2.3531066 2.3802139 2.5212915 2.5456897 0.5270182 0.8388688 0.8388688 2.3128543 2.3128543 0.5997883 0.5471439 0.8366003 2.2386050 2.4233472 0.5637676 0.5637676 3.4590256 2.3206849 2.3206849 1.9479919 1.9882311 0.5327259 1.9245111 1.9895760 0.2411042 0.0000000 0.2372944 2.3414736 0.2323423 2.2282936 0.0067109 2.3887398 0.5951484 0.7112856 0.7432410 0.7822992 0.7822992 0.9424062 2.1796044 1.5062670 0.6118496 1.7504285 0.6455773 0.2423766 2.0194117 0.5537086 0.5815672 1.4684515 0.3601557 1.2474331 1.1980896 1.5165454 1.7745448 1.7719998 1.7054118 2.0378738 1.9311970 2.0965520 2.5760131 3.1183047 2.9440662 1.3525050 1.3706401 1.6893397 1.6507355 1.8410240 1.7853832 1.8153997 
O.biroi-EZA57806.1            1.4399472 1.4207000 1.8326716 1.2570342 1.1857057 1.1305258 1.1425986 1.1425986 1.3444568 0.5331806 0.7884779 2.3011946 2.1859986 0.5308233 0.6031495 0.8378671 2.1652517 2.1900055 2.4094352 2.4258027 0.5423954 0.8123740 0.8123740 2.1666186 2.1666186 0.6031495 0.5639764 0.8026467 2.1101795 2.2360579 0.5305277 0.5305277 4.1368882 2.1715303 2.1715303 1.9108623 1.8839501 0.4905736 1.9315790 1.8749839 0.0307498 0.2372944 0.0000000 2.2734550 0.1021603 2.2058886 0.2426293 2.2613495 0.6175531 0.6417475 0.6848409 0.7155847 0.7155847 0.9624423 2.1474319 1.3929708 0.5800871 1.7567134 0.6120705 0.1420354 1.9435702 0.5384840 0.4992386 1.3963263 0.3082375 1.0834347 1.0818605 1.4538895 1.6915501 1.6890276 1.7382764 2.0272362 1.8409215 1.9877526 2.3336648 3.0054009 2.8414686 1.2647487 1.4489790 1.6158063 1.5842594 1.7609478 1.7454232 1.7598581 
O.biroi-EZA53303.1            2.4720255 2.2283739 2.5056795 2.0113893 1.8470733 1.9384040 1.9239808 1.9239808 2.0212867 1.9936832 2.1083553 3.2671085 3.4666354 2.0695525 2.1172990 2.1880113 3.1632876 3.1659839 3.6764828 3.6921185 2.1475058 2.1211733 2.1211733 3.0898620 3.0898620 2.1172990 2.0038952 2.2085117 3.2407738 3.3148733 2.0784706 2.0784706 3.2924241 3.3724864 3.3724864 2.5475401 2.6148587 2.3615818 2.5379870 0.1731667 2.2437007 2.3414736 2.2734550 0.0000000 2.2164788 0.3784019 2.3100194 0.6921441 2.5012098 2.4051481 2.2704343 2.3314298 2.3314298 2.4662225 2.8926591 2.0603266 2.3290424 2.3475190 2.3044423 2.3613363 2.6997979 2.3869663 2.5003531 2.1565280 2.2427009 2.3683121 1.9422895 2.2557538 2.6930242 2.7432216 2.4111680 2.2537664 2.4234754 2.5028853 2.4940537 3.3707339 3.5536400 2.2235106 2.2707030 2.4392930 2.4579399 2.5733587 2.5619468 2.4922998 
A.compressa-KAG7201324.1      1.4085796 1.3685213 1.7365285 1.2112207 1.1331625 1.1135296 1.1255349 1.1255349 1.3445679 0.5071433 0.7720458 2.2571959 2.1759918 0.4639077 0.5600661 0.8190324 2.1502480 2.1749119 2.4312878 2.4549321 0.4868282 0.8050637 0.8050637 2.1085750 2.1085750 0.5600661 0.5337526 0.7984799 2.0825635 2.2413715 0.5178544 0.5178544 3.1707106 2.1508905 2.1508905 1.8370287 1.7721856 0.4805943 1.8114247 1.9580717 0.0825333 0.2323423 0.1021603 2.2164788 0.0000000 2.1611548 0.2290885 2.3015578 0.6017284 0.6703085 0.6885858 0.7280328 0.7280328 0.8861940 2.1012407 1.3442615 0.5536823 1.6438666 0.6214243 0.1279923 1.8205070 0.5223606 0.5036934 1.3487588 0.2724568 1.0429793 0.9745634 1.3570084 1.6352281 1.6356250 1.6827401 1.9003446 1.8572558 1.8657911 2.2464204 2.8999570 2.8058801 1.2250961 1.3548942 1.5171268 1.5245612 1.6631108 1.6479769 1.6597322 
