79
O.gibbosus-KAG8183784.1       0.0000000 1.5277137 1.6399094 1.6366826 1.3404808 1.6647991 1.6647991 1.7678232 1.7678232 1.7000075 1.6617390 1.7777338 2.6485614 3.0605490 1.6924932 1.7364497 1.8344286 2.5613213 2.6025044 3.2228672 3.2375082 1.7023183 1.8342767 1.8342767 2.8497626 2.8497626 1.7364497 1.7166876 1.8858924 2.8504698 2.8459398 1.6879965 1.6879965 1.1295154 2.6911349 2.6911349 1.8732314 1.8084754 1.6633459 1.8998626 1.5650093 2.1637108 1.5556777 1.5530956 1.5450612 2.4377863 1.5320064 2.4507923 1.5561038 2.5206410 2.2845802 1.8760482 1.8760482 1.7220854 1.7620639 1.7620639 1.9706503 2.6998874 1.7102846 1.7257124 1.8322263 1.6923191 1.6701183 1.7328116 1.9669360 1.7818931 1.7797675 1.7220093 1.6199090 1.4463514 1.5868635 1.7893424 1.6149428 1.8010458 1.7899434 1.8241082 2.0194592 1.9779206 1.9330906 
O.gibbosus-KAG8183783.1       1.5277137 0.0000000 1.0404880 1.2078697 1.1267060 1.1344763 1.1344763 1.5002656 1.5002656 1.4594094 1.4261433 1.4110816 2.4984926 2.6445469 1.4548670 1.5185660 1.3338467 2.4083627 2.4498734 2.8334578 2.8439755 1.5071813 1.4179844 1.4179844 2.4868988 2.4868988 1.5185660 1.4481083 1.3780919 2.6715003 2.6459308 1.4877576 1.4877576 1.6756606 2.4154083 2.4154083 1.9097209 1.8504875 1.4172471 1.9032619 1.4151022 1.9190386 1.4334702 1.4371193 1.4249350 2.3037276 1.4011040 2.2178365 1.4397872 2.2864768 2.1455217 1.6039260 1.6039260 1.4709521 1.6100323 1.6100323 1.6560436 2.1678074 1.4439890 1.4380132 1.5640513 1.5553906 1.4350031 1.5394013 1.9250810 1.4841034 1.3807211 1.2368582 1.4068673 1.3504077 1.2884191 1.2341496 1.3384260 1.3518046 1.5519386 1.6485669 1.6618377 1.6262434 1.6456273 
O.gibbosus-KAG8186330.1       1.6399094 1.0404880 0.0000000 1.5018994 1.3632692 1.3637833 1.3637833 1.6614324 1.6614324 1.5832373 1.7454633 1.8810126 2.9100477 3.2442907 1.7332792 1.7593517 1.8785794 2.8323614 2.8543743 3.3935912 3.3734890 1.7718600 1.7786239 1.7786239 2.8612273 2.8612273 1.7593517 1.7359823 1.9048596 3.1438723 3.0705179 1.8011190 1.8011190 1.5572185 2.7925290 2.7925290 2.1347901 2.0754761 1.7428185 2.2125885 1.7989685 2.1781449 1.7921010 1.9545805 1.8179048 2.4623050 1.8228541 2.2162117 1.9481185 2.5607417 2.2917501 1.9297517 1.9297517 1.7130825 1.8489428 1.8489428 2.1282794 2.6882122 1.5841136 1.7015503 1.7591426 1.6906186 1.8301656 1.7738406 2.2276544 1.7399977 1.7562810 1.6772524 1.6453900 1.4950171 1.4859711 1.7115569 1.3693591 1.5529022 1.6369982 1.7011116 1.6630894 1.6542909 1.6166432 
T.californicus-TRY75264.1     1.6366826 1.2078697 1.5018994 0.0000000 0.7271511 1.0497220 1.0497220 1.5026996 1.5026996 1.2823322 1.3500171 1.4440906 2.6288396 3.2048450 1.4226168 1.5356110 1.4873374 2.6907493 2.7360983 2.8713035 2.8895313 1.4351433 1.4505140 1.4505140 2.8004915 2.8004915 1.5356110 1.4469201 1.4809631 2.5487610 2.7945804 1.4503267 1.4503267 4.5403216 2.7885129 2.7885129 1.7748023 1.7381994 1.4759684 1.7820402 1.2971837 1.4823140 1.3128572 1.5065135 1.3094493 2.0225113 1.2714127 2.0224246 1.4962741 2.2198520 1.8175245 1.5933177 1.5933177 1.3966679 1.4816302 1.4816302 1.5767660 2.2213403 1.3452512 1.4304070 1.4956047 1.4555352 1.3165721 1.4171748 1.9653014 1.4940173 1.4307431 0.7878763 1.3413291 1.2685541 1.0554558 1.0189498 0.9279176 1.0248966 1.3502850 1.2130459 1.4144394 1.3833281 1.3963370 
A.amphitrite-KAF0289584.1     1.3404808 1.1267060 1.3632692 0.7271511 0.0000000 1.0509331 1.0509331 1.3193110 1.3193110 1.1310569 1.3239801 1.4695622 2.4560836 2.8560165 1.3523885 1.4532992 1.4521253 2.4162266 2.4571202 2.5267178 2.5402634 1.3884916 1.4428444 1.4428444 2.6085483 2.6085483 1.4532992 1.3070935 1.4342835 2.3768042 2.7395912 1.3526304 1.3526304 2.8642979 2.4205315 2.4205315 1.6740728 1.6852968 1.3331880 1.7841399 1.2507267 1.5139391 1.2457316 1.4730092 1.2513146 1.9247917 1.2453507 2.0296079 1.4760112 2.2848205 1.7938465 1.5709406 1.5709406 1.2920290 1.4012270 1.4012270 1.6359051 1.8852741 1.1824323 1.4665063 1.5673634 1.2990087 1.2754767 1.3493598 1.7906272 1.2881598 1.4068458 1.1268097 1.1814260 1.1445237 0.9268744 0.8934503 0.9894095 1.1022427 1.2293844 1.1947459 1.4169411 1.3581074 1.2956042 
D.citri-KAI5736882.1          1.6647991 1.1344763 1.3637833 1.0497220 1.0509331 0.0000000 0.0000010 1.2099409 1.2099409 0.7502655 1.0259149 1.2907295 2.4940500 2.6971710 1.0997353 1.1940088 1.2873521 2.4703258 2.5115322 2.7434091 2.7319843 1.1411366 1.2977833 1.2977833 2.2851596 2.2851596 1.1940088 1.1446037 1.2676384 2.5428759 2.5711998 1.1893518 1.1893518 4.0291517 2.3380214 2.3380214 1.7209883 1.6292351 1.1981868 1.8494063 1.0837195 1.6320870 1.0994869 1.2836957 1.0920269 2.0052978 1.1116764 1.8393695 1.2856613 2.0460471 1.9271271 1.3096301 1.3096301 1.2076038 1.3579819 1.3579819 1.5418990 1.9846760 0.8560455 1.1512842 1.0933980 1.2291466 1.1678867 1.2572701 1.8452876 1.2715926 1.2000225 1.1278702 1.0141690 1.0632503 0.8953397 1.3727854 0.9788235 1.0222675 1.2554201 1.2353664 1.3461349 1.3248489 1.3259838 
D.citri-KAI5704272.1          1.6647991 1.1344763 1.3637833 1.0497220 1.0509331 0.0000010 0.0000000 1.2099409 1.2099409 0.7502655 1.0259149 1.2907295 2.4940500 2.6971710 1.0997353 1.1940088 1.2873521 2.4703258 2.5115322 2.7434091 2.7319843 1.1411366 1.2977833 1.2977833 2.2851596 2.2851596 1.1940088 1.1446037 1.2676384 2.5428759 2.5711998 1.1893518 1.1893518 4.0291517 2.3380214 2.3380214 1.7209883 1.6292351 1.1981868 1.8494063 1.0837195 1.6320870 1.0994869 1.2836957 1.0920269 2.0052978 1.1116764 1.8393695 1.2856613 2.0460471 1.9271271 1.3096301 1.3096301 1.2076038 1.3579819 1.3579819 1.5418990 1.9846760 0.8560455 1.1512842 1.0933980 1.2291466 1.1678867 1.2572701 1.8452876 1.2715926 1.2000225 1.1278702 1.0141690 1.0632503 0.8953397 1.3727854 0.9788235 1.0222675 1.2554201 1.2353664 1.3461349 1.3248489 1.3259838 
D.citri-KAI5704273.2          1.7678232 1.5002656 1.6614324 1.5026996 1.3193110 1.2099409 1.2099409 0.0000000 0.0000010 1.4613551 0.6447576 0.9146686 2.0610233 1.9888115 0.6466864 0.7247214 0.9396633 2.0110424 2.0444228 2.1907504 2.1935264 0.6337883 0.9301580 0.9301580 1.8352804 1.8352804 0.7247214 0.6638812 0.9042731 1.8199667 2.1579585 0.7073973 0.7073973 2.5011426 1.8619992 1.8619992 2.1606095 2.1164223 0.6113190 2.2742687 0.4185854 2.0074115 0.4088077 0.5484258 0.4291817 2.3561332 0.4547353 2.2481924 0.5427368 2.4980387 2.1666987 0.6641504 0.6641504 0.6905558 0.7072514 0.7072514 1.0137680 2.0380211 1.6254782 0.4959987 1.6218239 0.6277158 0.4755366 0.6962181 2.1227334 0.5890797 0.6578506 1.6074811 0.3736944 1.1717896 1.1088989 1.5411579 1.4575588 1.4947009 1.7105848 1.8361867 1.9327362 1.8864921 1.8440585 
D.citri-KAI5742900.1          1.7678232 1.5002656 1.6614324 1.5026996 1.3193110 1.2099409 1.2099409 0.0000010 0.0000000 1.4613551 0.6447576 0.9146686 2.0610233 1.9888115 0.6466864 0.7247214 0.9396633 2.0110424 2.0444228 2.1907504 2.1935264 0.6337883 0.9301580 0.9301580 1.8352804 1.8352804 0.7247214 0.6638812 0.9042731 1.8199667 2.1579585 0.7073973 0.7073973 2.5011426 1.8619992 1.8619992 2.1606095 2.1164223 0.6113190 2.2742687 0.4185854 2.0074115 0.4088077 0.5484258 0.4291817 2.3561332 0.4547353 2.2481924 0.5427368 2.4980387 2.1666987 0.6641504 0.6641504 0.6905558 0.7072514 0.7072514 1.0137680 2.0380211 1.6254782 0.4959987 1.6218239 0.6277158 0.4755366 0.6962181 2.1227334 0.5890797 0.6578506 1.6074811 0.3736944 1.1717896 1.1088989 1.5411579 1.4575588 1.4947009 1.7105848 1.8361867 1.9327362 1.8864921 1.8440585 
D.citri-KAI5742064.1          1.7000075 1.4594094 1.5832373 1.2823322 1.1310569 0.7502655 0.7502655 1.4613551 1.4613551 0.0000000 1.4154961 1.7802786 2.7451836 3.3743609 1.5218593 1.6112805 1.7118624 2.5387983 2.5916602 3.3683311 3.3714403 1.5560799 1.6359443 1.6359443 3.1218200 3.1218200 1.6112805 1.4773589 1.7103647 3.1877127 2.8169486 1.5850027 1.5850027 2.6169070 2.5308381 2.5308381 1.7316277 1.6606303 1.4888157 1.7190790 1.4584659 1.7663011 1.4217111 1.6620654 1.4014238 2.2596560 1.4517615 2.2224759 1.6727131 2.3596269 1.9669327 1.7050601 1.7050601 1.5358914 1.5762142 1.5762142 1.8385654 2.0645199 0.8731289 1.4755689 1.1542217 1.6113061 1.4450113 1.5140179 1.7794783 1.6097775 1.5794917 1.3784766 1.3521425 1.3202053 1.1208184 1.5234519 1.3109189 1.4011327 1.5764147 1.5636843 1.6960710 1.7024444 1.6663567 
D.kikuchii-KAJ0181768.1       1.6617390 1.4261433 1.7454633 1.3500171 1.3239801 1.0259149 1.0259149 0.6447576 0.6447576 1.4154961 0.0000000 0.9208525 2.2132968 2.0245982 0.1106610 0.2009720 0.9347128 2.1858964 2.2293569 2.2771127 2.2951573 0.1345302 0.9064441 0.9064441 1.9893830 1.9893830 0.2009720 0.1614208 0.9054154 1.9158353 2.2632434 0.1382576 0.1382576 2.7449679 2.1523764 2.1523764 1.9748424 1.9605273 0.6049954 2.0795111 0.5635990 1.7690132 0.5580551 0.5856102 0.5628185 2.0949840 0.5504639 1.9820848 0.5797148 2.2901005 2.0057093 0.7357328 0.7357328 0.6860305 0.7120137 0.7120137 0.9987025 2.2198271 1.4610032 0.7326187 1.5262652 0.6905740 0.5546487 0.6895444 2.1637495 0.5944633 0.6766473 1.5436774 0.4993938 1.3155656 1.1672232 1.5356357 1.2542025 1.4344151 1.5566246 1.6156594 1.7249466 1.6586013 1.6745273 
D.kikuchii-KAJ0175711.1       1.7777338 1.4110816 1.8810126 1.4440906 1.4695622 1.2907295 1.2907295 0.9146686 0.9146686 1.7802786 0.9208525 0.0000000 1.9030605 1.8550390 0.8703539 0.9398611 0.1382585 1.9291975 1.9701235 2.0152157 2.0364360 0.9384270 0.1724748 0.1724748 1.7650202 1.7650202 0.9398611 0.8637773 0.1300684 1.7872309 2.0304724 0.9437057 0.9437057 2.1053462 1.8797756 1.8797756 2.0403765 1.9811585 0.8343942 1.9820581 0.8505935 1.8218894 0.8441574 0.8637521 0.8280064 2.2033095 0.8336539 2.1038468 0.8705650 2.2855550 2.1085680 0.9664568 0.9664568 1.0654728 1.1339220 1.1339220 1.3692296 2.5322157 1.7691648 0.9484041 1.5942676 0.9808894 0.8740050 1.0851883 2.0842070 0.7815250 0.9290177 1.5383931 0.7980645 1.5272317 1.3012077 1.5421229 1.5990543 1.5935666 1.8894138 1.8083990 2.0223809 1.9364473 1.9485658 
D.kikuchii-KAJ0181766.1       2.6485614 2.4984926 2.9100477 2.6288396 2.4560836 2.4940500 2.4940500 2.0610233 2.0610233 2.7451836 2.2132968 1.9030605 0.0000000 1.7757486 2.0972853 2.2159027 1.9894089 0.2202072 0.2051511 1.7039428 1.6812941 2.1889052 2.0794651 2.0794651 1.5565865 1.5565865 2.2159027 2.2663333 2.0155232 1.6055791 0.1915202 2.1654304 2.1654304 0.2825491 0.3715223 0.3715223 3.4022559 3.2766693 2.1888780 3.2579496 2.1739308 2.5515752 2.1409556 2.3183156 2.1703979 3.2174859 2.1405642 2.8410786 2.3322504 3.0527726 2.6789441 2.2049895 2.2049895 2.3443209 2.4955127 2.4955127 2.7667677 3.1788015 2.6060803 1.9756570 2.4499322 2.1146321 2.1821458 2.4479933 3.0962834 2.1596439 2.1088016 2.2981379 2.0663136 2.5370088 2.2465164 2.6692253 2.5705716 2.5918501 2.6993640 2.9011288 2.8245910 2.7086822 2.7261995 
D.kikuchii-KAJ0181767.1       3.0605490 2.6445469 3.2442907 3.2048450 2.8560165 2.6971710 2.6971710 1.9888115 1.9888115 3.3743609 2.0245982 1.8550390 1.7757486 0.0000000 1.9222423 1.9180470 2.0259176 1.8166206 1.8135968 0.5844394 0.5842901 1.9821687 1.9719966 1.9719966 0.5027075 0.5027075 1.9180470 1.9884518 1.9428227 0.4778135 1.8146362 1.9654906 1.9654906 2.0845776 1.7964007 1.7964007 3.7624192 3.5856793 2.1943753 3.9574929 2.1771716 3.0187595 2.0989634 2.2895121 2.1246666 3.5453785 2.1582662 3.3621799 2.2747599 3.5239338 3.3014033 2.2901360 2.2901360 2.3671060 2.3471400 2.3471400 2.5407743 3.3696856 2.7443559 2.2326017 3.0637712 2.2269163 2.2340118 2.3703988 3.6648346 2.0479954 2.1749079 3.0570376 2.1360219 2.6156027 2.6242300 2.8576241 2.7544960 2.7036610 3.4719697 3.7332937 3.8999803 3.7037526 3.6749642 
S.littoralis-CAB3515165.1     1.6924932 1.4548670 1.7332792 1.4226168 1.3523885 1.0997353 1.0997353 0.6466864 0.6466864 1.5218593 0.1106610 0.8703539 2.0972853 1.9222423 0.0000000 0.1359719 0.8992726 2.0603502 2.0998071 2.1950077 2.2113879 0.1223020 0.8353200 0.8353200 1.8684999 1.8684999 0.1359719 0.0786600 0.8726562 1.8451225 2.1545351 0.1273200 0.1273200 2.7447506 2.0556022 2.0556022 2.0648442 1.9722576 0.6072439 2.0396297 0.5531074 1.7669798 0.5520564 0.6053364 0.5719168 2.1311892 0.5192476 1.9348125 0.5994500 2.2424540 1.9735358 0.7111871 0.7111871 0.6844127 0.7030583 0.7030583 0.9920218 2.1392373 1.5168841 0.6732592 1.4697771 0.6344917 0.5499716 0.6873170 2.1479167 0.6009718 0.6567181 1.5558233 0.4700443 1.3204263 1.1194549 1.5655249 1.3616080 1.4807281 1.6428344 1.6914799 1.7786179 1.7095891 1.7376109 
A.plantaginis-CAB3231150.1    1.7364497 1.5185660 1.7593517 1.5356110 1.4532992 1.1940088 1.1940088 0.7247214 0.7247214 1.6112805 0.2009720 0.9398611 2.2159027 1.9180470 0.1359719 0.0000000 0.9751630 2.2350162 2.2845375 2.0917098 2.1105224 0.1994345 0.9197206 0.9197206 1.7948048 1.7948048 0.0000010 0.1614047 0.9587036 1.9460242 2.2823029 0.1989286 0.1989286 2.3254929 2.1368392 2.1368392 1.9833140 2.0243563 0.7315022 2.1663145 0.6457999 1.8443045 0.6498005 0.6976080 0.6661738 2.1523971 0.6365912 2.0234974 0.7038469 2.3540239 2.0324989 0.8546100 0.8546100 0.7394783 0.7584058 0.7584058 1.0433155 2.2393686 1.5231978 0.7637715 1.4216036 0.6671916 0.6294223 0.7495743 2.1991509 0.7080693 0.7149268 1.7504231 0.5554220 1.2801724 1.1751587 1.7363997 1.4282705 1.5660408 1.7334254 1.8276077 1.9292783 1.8881359 1.8762891 
A.plantaginis-CAB3223254.1    1.8344286 1.3338467 1.8785794 1.4873374 1.4521253 1.2873521 1.2873521 0.9396633 0.9396633 1.7118624 0.9347128 0.1382585 1.9894089 2.0259176 0.8992726 0.9751630 0.0000000 2.0023272 2.0449945 2.1085917 2.1292664 0.9669391 0.1922222 0.1922222 1.8590979 1.8590979 0.9751630 0.9155395 0.1211363 1.9279128 2.0698973 0.9725607 0.9725607 2.6738046 1.8975707 1.8975707 2.0522796 2.0093163 0.8721667 1.9831910 0.8941459 1.8846473 0.8698347 0.9092451 0.8536207 2.2863474 0.8692577 2.1640477 0.9162771 2.2924251 2.1760232 1.0158351 1.0158351 1.1134542 1.1982724 1.1982724 1.4615062 2.4874279 1.8098734 0.9928462 1.5598807 1.0449280 0.8977466 1.1464655 2.0676083 0.7972483 0.9674263 1.5696886 0.8478947 1.4979322 1.2955699 1.5196819 1.6339004 1.6329513 1.9011305 1.8108921 2.0828574 2.0311894 2.0189109 
A.plantaginis-CAB3231154.1    2.5613213 2.4083627 2.8323614 2.6907493 2.4162266 2.4703258 2.4703258 2.0110424 2.0110424 2.5387983 2.1858964 1.9291975 0.2202072 1.8166206 2.0603502 2.2350162 2.0023272 0.0000000 0.0108678 1.8183060 1.8294237 2.1354435 1.9860258 1.9860258 1.6211571 1.6211571 2.2350162 2.1537475 1.9492090 1.6954680 0.1494095 2.0979482 2.0979482 0.1906713 0.3308397 0.3308397 3.2360236 3.2117584 2.1199193 3.3556102 2.1127199 2.6912162 2.0436324 2.2867058 2.0721249 3.2420627 2.0726449 3.0261408 2.3004912 3.2193004 2.7999137 2.1413362 2.1413362 2.1767111 2.2736072 2.2736072 2.6109679 3.1700560 2.5673605 1.9890321 2.4257443 2.0422555 2.1494459 2.2105687 3.2239384 2.0234878 2.0591927 2.3870993 2.0378409 2.4839336 2.3503644 2.6256953 2.5779275 2.5820770 2.7255801 2.9370121 2.9079858 2.8169731 2.8174041 
A.plantaginis-CAB3249883.1    2.6025044 2.4498734 2.8543743 2.7360983 2.4571202 2.5115322 2.5115322 2.0444228 2.0444228 2.5916602 2.2293569 1.9701235 0.2051511 1.8135968 2.0998071 2.2845375 2.0449945 0.0108678 0.0000000 1.8573183 1.8324081 2.1780556 2.0283965 2.0283965 1.6188473 1.6188473 2.2845375 2.1957157 1.9909012 1.6929124 0.1441482 2.1398247 2.1398247 0.1906713 0.3270432 0.3270432 3.3047507 3.2800186 2.1442804 3.4275181 2.1478185 2.7250743 2.0777133 2.3218249 2.1065342 3.2815536 2.1072432 3.0623893 2.3358355 3.2345722 2.8355540 2.1661496 2.1661496 2.2132516 2.3137365 2.3137365 2.6310182 3.1949639 2.6047683 2.0224253 2.4564191 2.0836163 2.1857841 2.2473426 3.2928450 2.0469092 2.0839777 2.3954288 2.0716836 2.5255144 2.3667022 2.6801276 2.5920043 2.5958778 2.7401703 2.9523726 2.9401755 2.8319130 2.8323803 
A.plantaginis-CAB3249884.1    3.2228672 2.8334578 3.3935912 2.8713035 2.5267178 2.7434091 2.7434091 2.1907504 2.1907504 3.3683311 2.2771127 2.0152157 1.7039428 0.5844394 2.1950077 2.0917098 2.1085917 1.8183060 1.8573183 0.0000000 0.0073388 2.2893421 1.9847553 1.9847553 0.6557473 0.6557473 2.0917098 2.1510437 2.1246295 0.5200251 1.6898777 2.2064075 2.2064075 1.9691304 1.7389031 1.7389031 3.3907080 3.2124622 2.4606734 3.5481284 2.3852051 3.3049047 2.3439982 2.4577902 2.3350520 3.7620487 2.3946943 3.5620783 2.4726337 3.9705878 3.5083054 2.3973221 2.3973221 2.3870530 2.3807438 2.3807438 2.6779956 3.4392745 3.0545985 2.3239913 3.2824242 2.2106441 2.4300571 2.3958020 3.4508928 2.3594325 2.3285329 3.1640536 2.2310055 2.5301933 2.7127414 2.9329258 2.7797092 2.8825599 3.3562007 3.6142547 3.7999080 3.6284143 3.5857903 
A.plantaginis-CAB3231153.1    3.2375082 2.8439755 3.3734890 2.8895313 2.5402634 2.7319843 2.7319843 2.1935264 2.1935264 3.3714403 2.2951573 2.0364360 1.6812941 0.5842901 2.2113879 2.1105224 2.1292664 1.8294237 1.8324081 0.0073388 0.0000000 2.3055811 2.0042088 2.0042088 0.6555683 0.6555683 2.1105224 2.1669207 2.1455659 0.5199003 1.6574902 2.2182432 2.2182432 1.9691304 1.7154142 1.7154142 3.4365378 3.2555193 2.4619998 3.5964037 2.3978732 3.3526722 2.3565488 2.4683401 2.3475664 3.8104300 2.4074452 3.6378525 2.4832467 3.9893479 3.5604065 2.3968326 2.3968326 2.3961839 2.3911682 2.3911682 2.6949236 3.4526475 3.0530843 2.3274606 3.2607054 2.2223351 2.4428690 2.4056480 3.4975544 2.3607126 2.3282381 3.1763526 2.2432448 2.5642279 2.7493255 2.9458493 2.7900736 2.8931656 3.3680027 3.6267822 3.8130567 3.6411446 3.5984570 
B.ino-CAH0726637.1            1.7023183 1.5071813 1.7718600 1.4351433 1.3884916 1.1411366 1.1411366 0.6337883 0.6337883 1.5560799 0.1345302 0.9384270 2.1889052 1.9821687 0.1223020 0.1994345 0.9669391 2.1354435 2.1780556 2.2893421 2.3055811 0.0000000 0.9314188 0.9314188 1.9722903 1.9722903 0.1994345 0.1970273 0.9663310 1.9542806 2.1786856 0.1165911 0.1165911 2.3727911 2.1288918 2.1288918 2.0729757 2.0311167 0.6359137 2.1113877 0.5748366 1.8739235 0.5734997 0.6320405 0.5840706 2.2529448 0.5596254 2.0127708 0.6260362 2.2657841 2.1122052 0.7630689 0.7630689 0.6840085 0.6825523 0.6825523 0.9713062 2.1409274 1.5269073 0.6591267 1.5543412 0.6579927 0.5974726 0.6760930 2.1244550 0.6187776 0.6518797 1.5893373 0.4911295 1.2844802 1.1366632 1.5795228 1.2902763 1.4739697 1.6055416 1.6425144 1.7089388 1.6419684 1.6696191 
B.ino-CAH0714536.1            1.8342767 1.4179844 1.7786239 1.4505140 1.4428444 1.2977833 1.2977833 0.9301580 0.9301580 1.6359443 0.9064441 0.1724748 2.0794651 1.9719966 0.8353200 0.9197206 0.1922222 1.9860258 2.0283965 1.9847553 2.0042088 0.9314188 0.0000000 0.0000010 1.8150355 1.8150355 0.9197206 0.8556676 0.1755697 1.8220120 2.1343800 0.9390724 0.9390724 3.0763295 1.9720307 1.9720307 1.9515812 1.8194871 0.8746340 1.9143819 0.8793923 1.9159454 0.8705966 0.9064806 0.8467522 2.2695588 0.8583092 2.1040894 0.9134855 2.4622892 2.1138320 1.0002364 1.0002364 1.0892172 1.1330851 1.1330851 1.4029999 2.5479500 1.7728561 0.9203452 1.5895173 1.0344157 0.8655678 1.0701138 1.9173207 0.8588222 0.9495956 1.6707571 0.7860313 1.4893414 1.3446319 1.4823206 1.5408693 1.6051675 1.7390467 1.6862217 1.9828373 1.8981864 1.8567728 
B.ino-CAH0714537.1            1.8342767 1.4179844 1.7786239 1.4505140 1.4428444 1.2977833 1.2977833 0.9301580 0.9301580 1.6359443 0.9064441 0.1724748 2.0794651 1.9719966 0.8353200 0.9197206 0.1922222 1.9860258 2.0283965 1.9847553 2.0042088 0.9314188 0.0000010 0.0000000 1.8150355 1.8150355 0.9197206 0.8556676 0.1755697 1.8220120 2.1343800 0.9390724 0.9390724 3.0763295 1.9720307 1.9720307 1.9515812 1.8194871 0.8746340 1.9143819 0.8793923 1.9159454 0.8705966 0.9064806 0.8467522 2.2695588 0.8583092 2.1040894 0.9134855 2.4622892 2.1138320 1.0002364 1.0002364 1.0892172 1.1330851 1.1330851 1.4029999 2.5479500 1.7728561 0.9203452 1.5895173 1.0344157 0.8655678 1.0701138 1.9173207 0.8588222 0.9495956 1.6707571 0.7860313 1.4893414 1.3446319 1.4823206 1.5408693 1.6051675 1.7390467 1.6862217 1.9828373 1.8981864 1.8567728 
B.ino-CAH0726632.1            2.8497626 2.4868988 2.8612273 2.8004915 2.6085483 2.2851596 2.2851596 1.8352804 1.8352804 3.1218200 1.9893830 1.7650202 1.5565865 0.5027075 1.8684999 1.7948048 1.8590979 1.6211571 1.6188473 0.6557473 0.6555683 1.9722903 1.8150355 1.8150355 0.0000000 0.0000010 1.7948048 1.9103812 1.8696185 0.5845005 1.5953755 2.0121759 2.0121759 1.8697125 1.5139061 1.5139061 3.3789577 3.1541524 2.0818353 3.3886972 1.9484302 2.7378066 1.9052034 2.1810184 1.9259336 3.3054059 1.9269938 3.1385163 2.1851363 3.2540261 2.9481607 2.2489855 2.2489855 2.1619168 2.1439995 2.1439995 2.4079501 3.2344989 2.6011005 2.0144905 2.5922670 2.1965901 2.0320241 2.1789206 3.3259334 2.0366597 2.0219192 2.8626052 1.8429676 2.2524045 2.2415689 2.6981875 2.6003933 2.7136102 3.2984750 3.4964544 3.5525786 3.4040845 3.4184912 
B.ino-CAH0726633.1            2.8497626 2.4868988 2.8612273 2.8004915 2.6085483 2.2851596 2.2851596 1.8352804 1.8352804 3.1218200 1.9893830 1.7650202 1.5565865 0.5027075 1.8684999 1.7948048 1.8590979 1.6211571 1.6188473 0.6557473 0.6555683 1.9722903 1.8150355 1.8150355 0.0000010 0.0000000 1.7948048 1.9103812 1.8696185 0.5845005 1.5953755 2.0121759 2.0121759 1.8697125 1.5139061 1.5139061 3.3789577 3.1541524 2.0818353 3.3886972 1.9484302 2.7378066 1.9052034 2.1810184 1.9259336 3.3054059 1.9269938 3.1385163 2.1851363 3.2540261 2.9481607 2.2489855 2.2489855 2.1619168 2.1439995 2.1439995 2.4079501 3.2344989 2.6011005 2.0144905 2.5922670 2.1965901 2.0320241 2.1789206 3.3259334 2.0366597 2.0219192 2.8626052 1.8429676 2.2524045 2.2415689 2.6981875 2.6003933 2.7136102 3.2984750 3.4964544 3.5525786 3.4040845 3.4184912 
A.plantaginis-CAB3231151.1    1.7364497 1.5185660 1.7593517 1.5356110 1.4532992 1.1940088 1.1940088 0.7247214 0.7247214 1.6112805 0.2009720 0.9398611 2.2159027 1.9180470 0.1359719 0.0000010 0.9751630 2.2350162 2.2845375 2.0917098 2.1105224 0.1994345 0.9197206 0.9197206 1.7948048 1.7948048 0.0000000 0.1614047 0.9587036 1.9460242 2.2823029 0.1989286 0.1989286 2.3254929 2.1368392 2.1368392 1.9833140 2.0243563 0.7315022 2.1663145 0.6457999 1.8443045 0.6498005 0.6976080 0.6661738 2.1523971 0.6365912 2.0234974 0.7038469 2.3540239 2.0324989 0.8546100 0.8546100 0.7394783 0.7584058 0.7584058 1.0433155 2.2393686 1.5231978 0.7637715 1.4216036 0.6671916 0.6294223 0.7495743 2.1991509 0.7080693 0.7149268 1.7504231 0.5554220 1.2801724 1.1751587 1.7363997 1.4282705 1.5660408 1.7334254 1.8276077 1.9292783 1.8881359 1.8762891 
H.armigera-PZC78836.1         1.7166876 1.4481083 1.7359823 1.4469201 1.3070935 1.1446037 1.1446037 0.6638812 0.6638812 1.4773589 0.1614208 0.8637773 2.2663333 1.9884518 0.0786600 0.1614047 0.9155395 2.1537475 2.1957157 2.1510437 2.1669207 0.1970273 0.8556676 0.8556676 1.9103812 1.9103812 0.1614047 0.0000000 0.9076465 1.8865326 2.2454562 0.1955382 0.1955382 2.7449679 2.1323268 2.1323268 2.0432246 2.0572350 0.6670031 2.0573871 0.5931971 1.8418446 0.5899696 0.6278357 0.5997485 2.0895295 0.5835571 1.9751883 0.6337714 2.1987502 2.0335002 0.7611785 0.7611785 0.6764473 0.7168673 0.7168673 1.0277769 2.2016262 1.4605699 0.7401650 1.4721451 0.6698172 0.6121571 0.6939121 2.1634948 0.6678455 0.6892133 1.5477290 0.5058590 1.3558854 1.1708211 1.6438329 1.3913130 1.5284947 1.6936613 1.7214561 1.8923527 1.8067889 1.8169911 
H.armigera-PZC83667.1         1.8858924 1.3780919 1.9048596 1.4809631 1.4342835 1.2676384 1.2676384 0.9042731 0.9042731 1.7103647 0.9054154 0.1300684 2.0155232 1.9428227 0.8726562 0.9587036 0.1211363 1.9492090 1.9909012 2.1246295 2.1455659 0.9663310 0.1755697 0.1755697 1.8696185 1.8696185 0.9587036 0.9076465 0.0000000 1.8059681 2.0992773 0.9520778 0.9520778 2.4021925 1.9520808 1.9520808 2.1024924 2.0892586 0.9004269 2.0621713 0.8866516 1.9696277 0.8605992 0.8977525 0.8447929 2.3365206 0.8598064 2.1381292 0.9047332 2.3178655 2.2533543 1.0068266 1.0068266 1.0929010 1.1588635 1.1588635 1.3979004 2.4784669 1.8183823 0.9801215 1.6516376 1.0358165 0.8793775 1.1174799 2.1294540 0.8256307 0.9806479 1.6447409 0.8367773 1.5211390 1.3793895 1.4914010 1.5458615 1.5848169 1.7970923 1.7717514 1.9660996 1.8860446 1.9331248 
H.armigera-PZC78838.1         2.8504698 2.6715003 3.1438723 2.5487610 2.3768042 2.5428759 2.5428759 1.8199667 1.8199667 3.1877127 1.9158353 1.7872309 1.6055791 0.4778135 1.8451225 1.9460242 1.9279128 1.6954680 1.6929124 0.5200251 0.5199003 1.9542806 1.8220120 1.8220120 0.5845005 0.5845005 1.9460242 1.8865326 1.8059681 0.0000000 1.7570723 1.9198793 1.9198793 1.7122756 1.7551879 1.7551879 3.4915586 3.2688912 2.1899511 3.5124903 2.0435239 2.7808821 1.9759162 2.1304486 1.9903995 3.2415079 2.0049424 3.0726876 2.1435416 3.5218151 3.0387290 2.1741248 2.1741248 2.1285480 2.1782538 2.1782538 2.4354429 3.0977402 2.4595383 2.0101560 2.8258125 2.1420837 2.0567040 2.1856634 3.3087157 2.0589177 2.0712590 2.8323209 1.9303830 2.4199444 2.3396868 2.5633046 2.4030470 2.6360603 3.2308029 3.3366872 3.5805584 3.3457477 3.3545811 
H.armigera-PZC78839.1         2.8459398 2.6459308 3.0705179 2.7945804 2.7395912 2.5711998 2.5711998 2.1579585 2.1579585 2.8169486 2.2632434 2.0304724 0.1915202 1.8146362 2.1545351 2.2823029 2.0698973 0.1494095 0.1441482 1.6898777 1.6574902 2.1786856 2.1343800 2.1343800 1.5953755 1.5953755 2.2823029 2.2454562 2.0992773 1.7570723 0.0000000 2.1934679 2.1934679 0.4136434 0.3443240 0.3443240 3.5573557 3.5467271 2.2682799 3.6953518 2.1816880 2.7738498 2.1272777 2.4068853 2.1570136 3.4168223 2.1961850 3.0629727 2.4215147 3.4179266 2.9269022 2.2773684 2.2773684 2.3101466 2.4693216 2.4693216 2.7876229 3.2920315 2.8267687 2.0997401 2.4984125 2.2039755 2.2538902 2.4142779 3.4738494 2.1416762 2.2086246 2.4377058 2.1353689 2.5608001 2.3989150 2.6891153 2.6046421 2.6884268 2.8574222 2.9914171 3.0039774 2.9089375 2.9096005 
I.podalirius-CAH2066547.1     1.6879965 1.4877576 1.8011190 1.4503267 1.3526304 1.1893518 1.1893518 0.7073973 0.7073973 1.5850027 0.1382576 0.9437057 2.1654304 1.9654906 0.1273200 0.1989286 0.9725607 2.0979482 2.1398247 2.2064075 2.2182432 0.1165911 0.9390724 0.9390724 2.0121759 2.0121759 0.1989286 0.1955382 0.9520778 1.9198793 2.1934679 0.0000000 0.0000010 2.2824295 2.0858702 2.0858702 2.0749573 2.0299724 0.6307873 2.1580945 0.5751598 1.8765608 0.5741714 0.6440159 0.5851148 2.2072520 0.5848359 1.9830828 0.6377769 2.2866104 2.0769422 0.7835817 0.7835817 0.7431927 0.7504839 0.7504839 1.0696848 2.2079888 1.5775635 0.6928319 1.6260749 0.6910799 0.6075856 0.7516366 2.1509097 0.6109519 0.6457928 1.5563178 0.5321702 1.3088273 1.1903339 1.6222643 1.3327062 1.4982313 1.6213639 1.6497988 1.7489699 1.6786678 1.7190853 
I.podalirius-CAH2066549.1     1.6879965 1.4877576 1.8011190 1.4503267 1.3526304 1.1893518 1.1893518 0.7073973 0.7073973 1.5850027 0.1382576 0.9437057 2.1654304 1.9654906 0.1273200 0.1989286 0.9725607 2.0979482 2.1398247 2.2064075 2.2182432 0.1165911 0.9390724 0.9390724 2.0121759 2.0121759 0.1989286 0.1955382 0.9520778 1.9198793 2.1934679 0.0000010 0.0000000 2.2824295 2.0858702 2.0858702 2.0749573 2.0299724 0.6307873 2.1580945 0.5751598 1.8765608 0.5741714 0.6440159 0.5851148 2.2072520 0.5848359 1.9830828 0.6377769 2.2866104 2.0769422 0.7835817 0.7835817 0.7431927 0.7504839 0.7504839 1.0696848 2.2079888 1.5775635 0.6928319 1.6260749 0.6910799 0.6075856 0.7516366 2.1509097 0.6109519 0.6457928 1.5563178 0.5321702 1.3088273 1.1903339 1.6222643 1.3327062 1.4982313 1.6213639 1.6497988 1.7489699 1.6786678 1.7190853 
I.podalirius-CAH2066545.1     1.1295154 1.6756606 1.5572185 4.5403216 2.8642979 4.0291517 4.0291517 2.5011426 2.5011426 2.6169070 2.7449679 2.1053462 0.2825491 2.0845776 2.7447506 2.3254929 2.6738046 0.1906713 0.1906713 1.9691304 1.9691304 2.3727911 3.0763295 3.0763295 1.8697125 1.8697125 2.3254929 2.7449679 2.4021925 1.7122756 0.4136434 2.2824295 2.2824295 0.0000000 0.0000010 0.0000010 2.2369248 2.3913816 1.8305865 2.3913816 2.8192224 2.7440467 2.9509532 2.6869233 3.0476071 2.7440467 2.2199783 2.1445886 2.6869233 1.9485584 3.1665496 2.7749443 2.7749443 2.5144142 9.0000000 9.0000000 1.7938424 2.3584254 2.3140832 2.4479805 2.9411010 1.9994603 2.5157075 2.4603449 2.3913816 2.1748834 1.9800527 2.2222664 1.9135305 1.9734006 1.2132957 2.6567865 2.5463253 3.2106889 2.2787647 2.9093757 2.5653262 2.5653262 3.0077377 
I.podalirius-CAH2066543.1     2.6911349 2.4154083 2.7925290 2.7885129 2.4205315 2.3380214 2.3380214 1.8619992 1.8619992 2.5308381 2.1523764 1.8797756 0.3715223 1.7964007 2.0556022 2.1368392 1.8975707 0.3308397 0.3270432 1.7389031 1.7154142 2.1288918 1.9720307 1.9720307 1.5139061 1.5139061 2.1368392 2.1323268 1.9520808 1.7551879 0.3443240 2.0858702 2.0858702 0.0000010 0.0000000 0.0000010 3.2410356 3.2631513 1.9748110 3.4737995 2.0079304 2.8008369 1.9879622 2.2694508 2.0057475 3.3398488 2.0276872 3.2253403 2.2831696 3.0623917 2.9748130 2.1472343 2.1472343 2.1211251 2.0772700 2.0772700 2.5663340 3.0149640 2.6014987 1.9206791 2.3825150 1.9283593 2.0965889 2.0970132 3.2705263 1.8703406 2.0024640 2.5881154 1.8363845 2.4418812 2.2351566 2.6332694 2.5293519 2.5584677 2.7529404 2.9286429 2.9262025 2.8280113 2.8545514 
I.podalirius-CAH2066541.1     2.6911349 2.4154083 2.7925290 2.7885129 2.4205315 2.3380214 2.3380214 1.8619992 1.8619992 2.5308381 2.1523764 1.8797756 0.3715223 1.7964007 2.0556022 2.1368392 1.8975707 0.3308397 0.3270432 1.7389031 1.7154142 2.1288918 1.9720307 1.9720307 1.5139061 1.5139061 2.1368392 2.1323268 1.9520808 1.7551879 0.3443240 2.0858702 2.0858702 0.0000010 0.0000010 0.0000000 3.2410356 3.2631513 1.9748110 3.4737995 2.0079304 2.8008369 1.9879622 2.2694508 2.0057475 3.3398488 2.0276872 3.2253403 2.2831696 3.0623917 2.9748130 2.1472343 2.1472343 2.1211251 2.0772700 2.0772700 2.5663340 3.0149640 2.6014987 1.9206791 2.3825150 1.9283593 2.0965889 2.0970132 3.2705263 1.8703406 2.0024640 2.5881154 1.8363845 2.4418812 2.2351566 2.6332694 2.5293519 2.5584677 2.7529404 2.9286429 2.9262025 2.8280113 2.8545514 
C.capitata-CAD6994394.1       1.8732314 1.9097209 2.1347901 1.7748023 1.6740728 1.7209883 1.7209883 2.1606095 2.1606095 1.7316277 1.9748424 2.0403765 3.4022559 3.7624192 2.0648442 1.9833140 2.0522796 3.2360236 3.3047507 3.3907080 3.4365378 2.0729757 1.9515812 1.9515812 3.3789577 3.3789577 1.9833140 2.0432246 2.1024924 3.4915586 3.5573557 2.0749573 2.0749573 2.2369248 3.2410356 3.2410356 0.0000000 0.1950249 1.9857201 0.2535833 2.1304088 2.4066159 2.1512960 2.1602551 2.1176809 2.6273319 2.0482904 2.4992578 2.1731359 2.7397838 2.4813855 2.0253584 2.0253584 1.9777349 1.9642088 1.9642088 2.1608037 2.2510806 2.1166674 1.8680256 1.9597827 1.9587536 2.1555004 1.9175177 0.2021475 2.0795142 1.9288624 2.0461393 1.8389933 1.6818704 1.6861320 1.9151549 2.0435664 1.9469046 2.0149424 2.2002223 2.1223692 2.1603516 2.1174027 
L.cuprina-KAI8116404.1        1.8084754 1.8504875 2.0754761 1.7381994 1.6852968 1.6292351 1.6292351 2.1164223 2.1164223 1.6606303 1.9605273 1.9811585 3.2766693 3.5856793 1.9722576 2.0243563 2.0093163 3.2117584 3.2800186 3.2124622 3.2555193 2.0311167 1.8194871 1.8194871 3.1541524 3.1541524 2.0243563 2.0572350 2.0892586 3.2688912 3.5467271 2.0299724 2.0299724 2.3913816 3.2631513 3.2631513 0.1950249 0.0000000 1.8560454 0.2253680 2.0762829 2.4274953 2.0550975 2.1940714 2.0627320 2.6195392 1.9773753 2.5530033 2.1968495 2.7530838 2.4826396 1.9477431 1.9477431 2.0683766 2.0042212 2.0042212 2.0745807 2.1765885 2.1159115 1.8083266 2.0051531 1.9322117 2.0699930 1.9670242 0.2007907 1.9776802 1.8100683 2.0497800 1.7488096 1.7008542 1.7123441 2.0437775 1.8543130 1.7929234 1.9757364 2.0654112 2.0103760 2.0783663 2.0120901 
L.cuprina-KAI8130912.2        1.6633459 1.4172471 1.7428185 1.4759684 1.3331880 1.1981868 1.1981868 0.6113190 0.6113190 1.4888157 0.6049954 0.8343942 2.1888780 2.1943753 0.6072439 0.7315022 0.8721667 2.1199193 2.1442804 2.4606734 2.4619998 0.6359137 0.8746340 0.8746340 2.0818353 2.0818353 0.7315022 0.6670031 0.9004269 2.1899511 2.2682799 0.6307873 0.6307873 1.8305865 1.9748110 1.9748110 1.9857201 1.8560454 0.0000000 2.0110005 0.5055044 1.9284908 0.4856357 0.5576831 0.4773887 2.3551739 0.5039115 2.1890641 0.5634138 2.2604935 2.2070119 0.3782284 0.3782284 0.6188109 0.6544594 0.6544594 1.0074674 2.0179247 1.4445094 0.6228803 1.5379271 0.5852410 0.5704978 0.6408379 2.0091435 0.1538519 0.2924226 1.4936982 0.4718709 1.2388622 1.1085104 1.5565364 1.4332540 1.4726544 1.5546266 1.6506411 1.7474028 1.6971967 1.6749934 
G.fuscipes-KAI9577037.1       1.8998626 1.9032619 2.2125885 1.7820402 1.7841399 1.8494063 1.8494063 2.2742687 2.2742687 1.7190790 2.0795111 1.9820581 3.2579496 3.9574929 2.0396297 2.1663145 1.9831910 3.3556102 3.4275181 3.5481284 3.5964037 2.1113877 1.9143819 1.9143819 3.3886972 3.3886972 2.1663145 2.0573871 2.0621713 3.5124903 3.6953518 2.1580945 2.1580945 2.3913816 3.4737995 3.4737995 0.2535833 0.2253680 2.0110005 0.0000000 2.1675651 2.4863952 2.1582549 2.0982314 2.1451453 2.5449396 2.0351421 2.4733211 2.1016365 2.7335081 2.4923481 2.0651671 2.0651671 2.0286055 1.9926654 1.9926654 2.1411643 2.3524520 2.2803250 1.9475966 2.1238758 1.9876531 2.0632967 1.9562655 0.2300463 2.1348296 1.9773225 2.0070373 1.8515597 1.8503962 1.7408340 1.9914701 2.0453580 1.9987676 2.0978705 2.2583677 2.1274424 2.1944441 2.1417668 
T.longispinosus-TGZ49087.1    1.5650093 1.4151022 1.7989685 1.2971837 1.2507267 1.0837195 1.0837195 0.4185854 0.4185854 1.4584659 0.5635990 0.8505935 2.1739308 2.1771716 0.5531074 0.6457999 0.8941459 2.1127199 2.1478185 2.3852051 2.3978732 0.5748366 0.8793923 0.8793923 1.9484302 1.9484302 0.6457999 0.5931971 0.8866516 2.0435239 2.1816880 0.5751598 0.5751598 2.8192224 2.0079304 2.0079304 2.1304088 2.0762829 0.5055044 2.1675651 0.0000000 1.9008927 0.0479098 0.2636665 0.0519022 2.3631642 0.0638906 2.3226866 0.2590694 2.4000621 2.0597508 0.5885547 0.5885547 0.6238309 0.6394037 0.6394037 0.9588316 2.2468333 1.6057701 0.5107116 1.7084017 0.5156567 0.1439183 0.6161690 2.0790709 0.5329205 0.4969184 1.5189184 0.2633942 1.0521391 1.0723190 1.5195313 1.3581070 1.5509604 1.7009607 1.7654382 1.9291363 1.8830953 1.8794750 
T.longispinosus-TGZ32222.1    2.1637108 1.9190386 2.1781449 1.4823140 1.5139391 1.6320870 1.6320870 2.0074115 2.0074115 1.7663011 1.7690132 1.8218894 2.5515752 3.0187595 1.7669798 1.8443045 1.8846473 2.6912162 2.7250743 3.3049047 3.3526722 1.8739235 1.9159454 1.9159454 2.7378066 2.7378066 1.8443045 1.8418446 1.9696277 2.7808821 2.7738498 1.8765608 1.8765608 2.7440467 2.8008369 2.8008369 2.4066159 2.4274953 1.9284908 2.4863952 1.9008927 0.0000000 1.8606956 1.9335723 1.8169749 0.2000620 1.9216883 0.3777996 1.9258602 0.6856039 0.1674736 2.0909246 2.0909246 2.2147338 2.3950092 2.3950092 2.2485419 2.5106366 1.7626920 2.0990378 1.8885365 2.1686947 2.0728416 2.3241531 2.6367412 2.0379131 2.1130805 1.7510412 1.9853907 2.0207055 1.6882091 1.7514720 1.7433973 2.0126873 2.1851425 2.2066839 2.4611352 2.4165553 2.4027312 
E.burchellii-KAH0956584.1     1.5556777 1.4334702 1.7921010 1.3128572 1.2457316 1.0994869 1.0994869 0.4088077 0.4088077 1.4217111 0.5580551 0.8441574 2.1409556 2.0989634 0.5520564 0.6498005 0.8698347 2.0436324 2.0777133 2.3439982 2.3565488 0.5734997 0.8705966 0.8705966 1.9052034 1.9052034 0.6498005 0.5899696 0.8605992 1.9759162 2.1272777 0.5741714 0.5741714 2.9509532 1.9879622 1.9879622 2.1512960 2.0550975 0.4856357 2.1582549 0.0479098 1.8606956 0.0000000 0.2508242 0.0289195 2.3535243 0.0717266 2.3215415 0.2462325 2.3636492 2.0214144 0.5752879 0.5752879 0.6549994 0.6627101 0.6627101 0.9617906 2.1865752 1.5724323 0.5187977 1.6934568 0.5296261 0.1432387 0.6441273 2.0444802 0.5155756 0.4844650 1.4988689 0.2713799 1.0489955 1.0803149 1.5447998 1.3820260 1.5615605 1.7197790 1.7715018 1.9369795 1.8908109 1.8906167 
C.glomerata-KAH0554196.1      1.5530956 1.4371193 1.9545805 1.5065135 1.4730092 1.2836957 1.2836957 0.5484258 0.5484258 1.6620654 0.5856102 0.8637521 2.3183156 2.2895121 0.6053364 0.6976080 0.9092451 2.2867058 2.3218249 2.4577902 2.4683401 0.6320405 0.9064806 0.9064806 2.1810184 2.1810184 0.6976080 0.6278357 0.8977525 2.1304486 2.4068853 0.6440159 0.6440159 2.6869233 2.2694508 2.2694508 2.1602551 2.1940714 0.5576831 2.0982314 0.2636665 1.9335723 0.2508242 0.0000000 0.2510820 2.3868826 0.2512846 2.3537330 0.0035155 2.4565882 2.1579780 0.6305338 0.6305338 0.6771853 0.7585587 0.7585587 0.9649367 2.4187355 1.6928743 0.6253027 1.8036862 0.6317615 0.2509348 0.7280279 2.2128289 0.6131776 0.5426996 1.6176601 0.4005399 1.3404896 1.3088453 1.6758676 1.5636067 1.6100188 1.8625588 1.8995513 2.1162593 2.0188344 2.0496160 
O.biroi-EZA57806.1            1.5450612 1.4249350 1.8179048 1.3094493 1.2513146 1.0920269 1.0920269 0.4291817 0.4291817 1.4014238 0.5628185 0.8280064 2.1703979 2.1246666 0.5719168 0.6661738 0.8536207 2.0721249 2.1065342 2.3350520 2.3475664 0.5840706 0.8467522 0.8467522 1.9259336 1.9259336 0.6661738 0.5997485 0.8447929 1.9903995 2.1570136 0.5851148 0.5851148 3.0476071 2.0057475 2.0057475 2.1176809 2.0627320 0.4773887 2.1451453 0.0519022 1.8169749 0.0289195 0.2510820 0.0000000 2.3854421 0.0882934 2.3040754 0.2556365 2.3230625 2.0287833 0.5827250 0.5827250 0.6148918 0.6588191 0.6588191 0.9597091 2.3087292 1.5728312 0.5185640 1.7137725 0.5452504 0.1480472 0.6387339 2.0973241 0.5188892 0.4737223 1.4968798 0.2769506 1.0864628 1.1100887 1.5173593 1.3907839 1.5633984 1.7577338 1.8190169 1.9867851 1.9397408 1.9396630 
O.biroi-EZA53303.1            2.4377863 2.3037276 2.4623050 2.0225113 1.9247917 2.0052978 2.0052978 2.3561332 2.3561332 2.2596560 2.0949840 2.2033095 3.2174859 3.5453785 2.1311892 2.1523971 2.2863474 3.2420627 3.2815536 3.7620487 3.8104300 2.2529448 2.2695588 2.2695588 3.3054059 3.3054059 2.1523971 2.0895295 2.3365206 3.2415079 3.4168223 2.2072520 2.2072520 2.7440467 3.3398488 3.3398488 2.6273319 2.6195392 2.3551739 2.5449396 2.3631642 0.2000620 2.3535243 2.3868826 2.3854421 0.0000000 2.3774157 0.4263309 2.3795999 0.7015312 0.2291806 2.5431547 2.5431547 2.7366067 2.7354693 2.7354693 2.4706152 2.8733667 2.1842680 2.5219623 2.3970306 2.4300331 2.5888468 2.6468788 2.7718830 2.4063638 2.5495162 2.0221523 2.3802335 2.3276672 2.0702776 2.3093478 2.1218082 2.2175579 2.4400291 2.4904992 2.6572597 2.6382302 2.5763656 
A.compressa-KAG7201324.1      1.5320064 1.4011040 1.8228541 1.2714127 1.2453507 1.1116764 1.1116764 0.4547353 0.4547353 1.4517615 0.5504639 0.8336539 2.1405642 2.1582662 0.5192476 0.6365912 0.8692577 2.0726449 2.1072432 2.3946943 2.4074452 0.5596254 0.8583092 0.8583092 1.9269938 1.9269938 0.6365912 0.5835571 0.8598064 2.0049424 2.1961850 0.5848359 0.5848359 2.2199783 2.0276872 2.0276872 2.0482904 1.9773753 0.5039115 2.0351421 0.0638906 1.9216883 0.0717266 0.2512846 0.0882934 2.3774157 0.0000000 2.3528389 0.2467170 2.3515609 2.1325885 0.5936678 0.5936678 0.6301490 0.6642437 0.6642437 0.9064562 2.1948999 1.5417228 0.5150451 1.6481659 0.5360285 0.1126908 0.6360231 1.9763990 0.5380323 0.5025859 1.4828324 0.2655045 1.0732544 1.0581090 1.4821117 1.3489761 1.4948029 1.6460477 1.7307123 1.8907852 1.8445009 1.8408366 
A.compressa-KAG7212671.1      2.4507923 2.2178365 2.2162117 2.0224246 2.0296079 1.8393695 1.8393695 2.2481924 2.2481924 2.2224759 1.9820848 2.1038468 2.8410786 3.3621799 1.9348125 2.0234974 2.1640477 3.0261408 3.0623893 3.5620783 3.6378525 2.0127708 2.1040894 2.1040894 3.1385163 3.1385163 2.0234974 1.9751883 2.1381292 3.0726876 3.0629727 1.9830828 1.9830828 2.1445886 3.2253403 3.2253403 2.4992578 2.5530033 2.1890641 2.4733211 2.3226866 0.3777996 2.3215415 2.3537330 2.3040754 0.4263309 2.3528389 0.0000000 2.3464121 0.7013657 0.4069168 2.3701695 2.3701695 2.5028993 2.4982937 2.4982937 2.4270184 2.9996161 2.1295802 2.4315142 2.1766867 2.3931128 2.4577484 2.3960622 2.6277421 2.2945726 2.4068170 2.0536030 2.2539577 2.4263557 2.0932206 2.3289914 2.1318192 2.3345053 2.3851805 2.4153706 2.6526995 2.6544132 2.5647057 
