80
O.gibbosus-KAG8183784.1       0.0000000 1.3865989 1.4156156 1.4273663 1.2652603 1.4834461 1.4882240 1.4882240 1.4099656 1.5615468 1.6836208 2.7746367 3.0506714 1.5579780 1.5504607 1.6734382 2.6180446 2.6492028 3.2118933 3.2159449 1.5699672 1.6345363 1.6345363 3.0912393 3.0912393 1.5504607 1.5613983 1.7534296 2.9269867 2.8511453 1.5265161 1.5265161 2.6488697 2.8255269 2.8255269 1.8094633 1.7885016 1.5260511 1.8638761 2.3435644 1.4652711 1.4601578 1.4519482 2.4904833 1.4122199 2.4768031 1.4704607 2.4031358 1.7032586 1.5654012 1.5646118 1.6130827 1.6130827 1.7569092 2.6688704 1.5444477 1.5906266 1.6808701 1.5728580 1.5076076 1.9952348 1.6139704 1.6571863 1.4794555 1.4947639 1.4745769 1.4367263 1.6526935 1.6631489 1.6658488 1.8303027 3.0025648 3.0727559 1.5350395 1.6824437 1.6795910 1.6677327 1.8675878 1.8504187 1.8002734 
O.gibbosus-KAG8183783.1       1.3865989 0.0000000 1.0494301 1.2162223 1.2832918 1.2105613 1.2001116 1.2001116 1.4635456 1.3949099 1.3538803 2.4631219 2.5864468 1.4159120 1.3902790 1.2817289 2.4609687 2.4910409 2.8284039 2.8437213 1.4549428 1.4082697 1.4082697 2.5068695 2.5068695 1.3902790 1.3783433 1.3302968 2.6429291 2.6589635 1.4363091 1.4363091 2.5520410 2.4396977 2.4396977 1.9439969 1.9232115 1.4595877 2.0042756 1.9675339 1.4340601 1.3876164 1.4219112 2.2270046 1.3562074 2.1742575 1.3811623 2.2620707 1.6819057 1.5072529 1.6100127 1.6882469 1.6882469 1.6787881 2.2859435 1.3416076 1.4720691 1.5079870 1.6823750 1.4216724 2.0219226 1.5115649 1.4849396 1.2146158 1.4062399 1.3951050 1.3009821 1.2782665 1.4323291 1.4323001 1.4322117 2.9199630 2.8704621 1.4496581 1.4236972 1.6675923 1.6942103 1.7404158 1.7190831 1.7700710 
O.gibbosus-KAG8186330.1       1.4156156 1.0494301 0.0000000 1.3974165 1.4012201 1.4609371 1.4496494 1.4496494 1.6190312 1.6842963 1.8444472 2.9548088 3.2090194 1.6491748 1.6385120 1.8153508 2.9877179 3.0251395 3.3291738 3.3577972 1.6956441 1.7523397 1.7523397 3.0665295 3.0665295 1.6385120 1.6371918 1.8743146 3.1359864 3.2045348 1.6631283 1.6631283 2.6597420 2.8743061 2.8743061 2.1014313 1.9870769 1.7693476 2.1830943 2.3542164 1.8135050 1.8974052 1.8347762 2.5363435 1.7290126 2.2452332 1.8710295 2.5645324 1.8492160 1.7012889 1.7778382 1.8830749 1.8830749 2.0779447 2.5931403 1.6174087 1.6980111 1.8071584 1.8130306 1.7386167 2.2221733 1.7396527 1.6985878 1.4569981 1.5525606 1.4984474 1.3592595 1.5759561 1.5903825 1.5912002 1.6749105 2.8634266 3.1653087 1.3461710 1.4007161 1.5713198 1.5952694 1.6088390 1.6181147 1.5842932 
T.californicus-TRY75264.1     1.4273663 1.2162223 1.3974165 0.0000000 0.6836675 0.9987051 0.9989629 0.9989629 1.1135751 1.2230927 1.3275797 2.5061933 2.7531697 1.3147478 1.3541707 1.3737082 2.5809723 2.6122052 2.7885038 2.7933913 1.3235843 1.2749991 1.2749991 2.6318243 2.6318243 1.3541707 1.3186817 1.3543781 2.4733295 2.6288355 1.2873852 1.2873852 4.5449571 2.7335443 2.7335443 1.7487093 1.6853750 1.3485891 1.6741192 1.6142886 1.2744580 1.3457829 1.2624444 2.0194560 1.2196457 1.9534740 1.3184523 2.2137409 1.4433919 1.2393128 1.2818073 1.3549038 1.3549038 1.4543669 2.1843529 1.3469088 1.2955525 1.5251806 1.3523972 1.2258063 1.8698888 1.2986580 1.3302957 0.8001404 1.2248557 1.1497140 0.9357477 1.0705264 1.3810762 1.4231644 1.6410141 2.8065764 2.4730686 0.8444953 0.9396410 1.2324352 1.1626600 1.3231656 1.2895422 1.2982547 
A.amphitrite-KAF0289584.1     1.2652603 1.2832918 1.4012201 0.6836675 0.0000000 0.9984563 0.9987079 0.9987079 1.0498849 1.2642967 1.3270547 2.5077803 2.5864366 1.2493332 1.3784931 1.3730372 2.4880007 2.5174196 2.5445496 2.5699540 1.3104107 1.3036889 1.3036889 2.5886332 2.5886332 1.3784931 1.2052242 1.3470314 2.3798018 2.7667167 1.2129139 1.2129139 3.9721111 2.5096376 2.5096376 1.6383863 1.6566296 1.3125980 1.6944704 1.5573103 1.1871340 1.2696422 1.1942533 1.8600271 1.1411126 1.9202418 1.2549979 2.1323714 1.5310659 1.1551692 1.2460756 1.3072753 1.3072753 1.3925983 1.8513844 1.2307837 1.3025973 1.6063192 1.2652112 1.1924516 1.7670980 1.2725659 1.3556158 1.0166674 1.0903306 1.1152426 0.9402471 0.8666605 1.3999391 1.3885154 1.7392281 2.8347061 2.6941181 0.8863478 0.9524457 1.1621675 1.0919376 1.3167146 1.3110079 1.2470738 
D.citri-KAI5736882.1          1.4834461 1.2105613 1.4609371 0.9987051 0.9984563 0.0000000 0.0033453 0.0033453 0.7868350 1.1152711 1.1806900 2.4837441 2.6485444 1.1967912 1.2334829 1.1864333 2.4356943 2.4639274 2.6450233 2.6335905 1.2101166 1.1957177 1.1957177 2.2416858 2.2416858 1.2334829 1.2282215 1.1662946 2.3806386 2.5167085 1.1995445 1.1995445 4.4894443 2.3994550 2.3994550 1.5579522 1.4616858 1.2028967 1.6602278 1.6327104 1.1376978 1.2562091 1.1327904 1.9401782 1.1038725 1.8284808 1.2633483 2.0805743 1.3186326 1.2212043 1.2272478 1.3220755 1.3220755 1.5459651 1.8844968 0.9093761 1.1470988 1.1666105 1.2476549 1.1513873 1.6944943 1.2860230 1.2498269 1.0986721 1.0176899 1.1007622 0.9402306 1.3709564 1.4777450 1.4784978 1.6147985 3.0414232 2.8206606 1.0544198 1.0986090 1.3363929 1.3040553 1.4093931 1.3878324 1.4015105 
D.citri-KAI5704272.1          1.4882240 1.2001116 1.4496494 0.9989629 0.9987079 0.0033453 0.0000000 0.0000010 0.7873264 1.1256743 1.1929624 2.4929175 2.6464208 1.2093453 1.2465195 1.1748535 2.4605450 2.4891233 2.6722294 2.6606671 1.2210992 1.2081532 1.2081532 2.2401936 2.2401936 1.2465195 1.2391301 1.1784662 2.3557699 2.5426230 1.2122737 1.2122737 4.4894443 2.4115944 2.4115944 1.5656347 1.4769806 1.2154946 1.6683904 1.6187525 1.1497663 1.2673130 1.1448191 1.9257613 1.1157439 1.8275782 1.2632345 2.0909617 1.3299984 1.2089600 1.2309381 1.3265171 1.3265171 1.5535695 1.8941982 0.9201806 1.1591390 1.1721712 1.2585739 1.1636063 1.7028082 1.2973186 1.2629575 1.0893793 1.0288713 1.0894368 0.9512237 1.3601824 1.4930153 1.4937559 1.6201979 3.0180610 2.8452331 1.0546041 1.1094127 1.3485131 1.3105380 1.4163175 1.4000928 1.4138945 
D.citri-KAI5704273.1          1.4882240 1.2001116 1.4496494 0.9989629 0.9987079 0.0033453 0.0000010 0.0000000 0.7873264 1.1256743 1.1929624 2.4929175 2.6464208 1.2093453 1.2465195 1.1748535 2.4605450 2.4891233 2.6722294 2.6606671 1.2210992 1.2081532 1.2081532 2.2401936 2.2401936 1.2465195 1.2391301 1.1784662 2.3557699 2.5426230 1.2122737 1.2122737 4.4894443 2.4115944 2.4115944 1.5656347 1.4769806 1.2154946 1.6683904 1.6187525 1.1497663 1.2673130 1.1448191 1.9257613 1.1157439 1.8275782 1.2632345 2.0909617 1.3299984 1.2089600 1.2309381 1.3265171 1.3265171 1.5535695 1.8941982 0.9201806 1.1591390 1.1721712 1.2585739 1.1636063 1.7028082 1.2973186 1.2629575 1.0893793 1.0288713 1.0894368 0.9512237 1.3601824 1.4930153 1.4937559 1.6201979 3.0180610 2.8452331 1.0546041 1.1094127 1.3485131 1.3105380 1.4163175 1.4000928 1.4138945 
D.citri-KAI5742064.1          1.4099656 1.4635456 1.6190312 1.1135751 1.0498849 0.7868350 0.7873264 0.7873264 0.0000000 1.2974063 1.4870201 2.5886816 2.9285167 1.3836495 1.4318156 1.4326086 2.4086669 2.4463740 3.0037584 2.9965054 1.4356213 1.3679641 1.3679641 2.8205334 2.8205334 1.4318156 1.3287263 1.4709976 2.8632814 2.6099116 1.3996295 1.3996295 3.1953649 2.5506590 2.5506590 1.6378210 1.6193424 1.4414872 1.6659921 1.7300743 1.3582734 1.4751316 1.3429885 2.0444415 1.3415622 2.0142820 1.4639213 2.1231928 1.6517578 1.3785846 1.3487846 1.3974941 1.3974941 1.7638505 2.0708422 0.8549233 1.3350615 1.1509297 1.3821256 1.3172525 1.7802463 1.4986063 1.5364901 1.2753764 1.2604515 1.2565566 1.0479717 1.4851003 1.7148601 1.6964315 1.7239747 2.9467847 2.5346418 1.2564078 1.3257911 1.5728686 1.5415332 1.6261781 1.6271505 1.5829887 
D.kikuchii-KAJ0181768.1       1.5615468 1.3949099 1.6842963 1.2230927 1.2642967 1.1152711 1.1256743 1.1256743 1.2974063 0.0000000 0.8200459 2.1805009 1.9702882 0.1458061 0.2131170 0.8232940 2.1699128 2.1947281 2.2361435 2.2563901 0.1698889 0.7804780 0.7804780 2.0792731 2.0792731 0.2131170 0.1760367 0.8254706 1.9446508 2.2102680 0.1437757 0.1437757 3.1718474 2.0787593 2.0787593 1.8336847 1.8100338 0.6134618 1.8981633 1.7594877 0.5190067 0.5060353 0.5280850 1.9774020 0.5092297 1.8678064 0.5097752 2.1781591 0.6984156 0.6811396 0.6780894 0.7154423 0.7154423 0.9344452 2.0113480 1.2735671 0.7291762 1.5487004 0.7004931 0.5088707 1.9997725 0.5694737 0.6568654 1.4336023 0.4651045 1.3469650 1.1133351 1.4477081 1.6714376 1.6931551 1.7980177 2.8327466 2.5381143 1.2023745 1.2686931 1.4333824 1.5131170 1.6046937 1.5620181 1.5997674 
D.kikuchii-KAJ0175711.1       1.6836208 1.3538803 1.8444472 1.3275797 1.3270547 1.1806900 1.1929624 1.1929624 1.4870201 0.8200459 0.0000000 2.0752470 1.9115327 0.7958213 0.8546984 0.1380454 2.0773413 2.1007855 2.0741737 2.0875048 0.8497994 0.1443540 0.1443540 1.8455255 1.8455255 0.8546984 0.7974408 0.1154724 1.9291463 2.1704982 0.8239119 0.8239119 2.8912792 2.0017091 2.0017091 1.8779235 1.8787121 0.8543786 1.8203799 1.7801248 0.7996186 0.8177571 0.7908543 2.1095385 0.7651217 1.9646703 0.8275052 2.1281068 1.0310610 1.0278153 1.0703212 1.1337172 1.1337172 1.1874889 2.2420631 1.4807287 0.9053649 1.6203917 0.9622554 0.7871607 1.9140500 0.8134467 0.9962907 1.4603300 0.6872290 1.3723517 1.1909327 1.4523402 1.5930160 1.5562252 1.8428949 2.9168662 3.1833534 1.5422287 1.4951854 1.7652435 1.6690232 1.8542877 1.8141460 1.8287130 
D.kikuchii-KAJ0181766.1       2.7746367 2.4631219 2.9548088 2.5061933 2.5077803 2.4837441 2.4929175 2.4929175 2.5886816 2.1805009 2.0752470 0.0000000 1.8469616 2.0901141 2.1910616 1.9884562 0.2492599 0.2397074 1.7899902 1.7898379 2.1190578 2.2006031 2.2006031 1.7790469 1.7790469 2.1910616 2.2268685 2.1498605 1.6816687 0.2204598 2.1527751 2.1527751 0.2883686 0.3551175 0.3551175 3.1793370 3.2506496 2.1249731 3.2498464 2.7777633 2.2501960 2.3549832 2.2755556 3.2398806 2.2120586 2.9789406 2.3795809 2.9217052 2.3078623 2.6041636 2.5870908 2.6565531 2.6565531 2.8240065 2.9136776 2.6378926 2.0383568 2.6310993 2.2354921 2.2601275 3.0249147 2.0577265 2.2388823 2.3945866 2.0945229 2.7334360 2.1414457 2.7853599 2.9486297 2.9649710 2.8505248 3.6833366 4.3592790 2.6002221 2.5564664 2.7270367 2.7305207 2.7699552 2.7392670 2.7496504 
D.kikuchii-KAJ0181767.1       3.0506714 2.5864468 3.2090194 2.7531697 2.5864366 2.6485444 2.6464208 2.6464208 2.9285167 1.9702882 1.9115327 1.8469616 0.0000000 1.9705297 1.8861357 1.9625979 1.8394552 1.8544718 0.6368735 0.6526540 1.9868926 1.9264538 1.9264538 0.5782149 0.5782149 1.8861357 2.0012533 1.9578402 0.5731782 1.8171677 1.9771289 1.9771289 2.1678644 1.7784821 1.7784821 3.6465191 3.6736476 2.3747905 4.0226728 2.8910300 2.1154796 2.2494982 2.1425888 3.4042359 2.1519258 3.0647950 2.2047024 3.3572439 2.4703069 2.2777750 2.3703699 2.3619155 2.3619155 2.6085999 2.9777732 2.5410173 2.2980734 3.0927424 2.2595334 2.1908889 3.6499598 2.1799357 2.3192261 2.7636548 2.0695341 2.6103191 2.5132391 2.6724254 3.2377591 3.1613515 3.1590084 3.8588930 4.0272632 2.6931684 2.6898008 3.1134514 3.2972955 3.3965985 3.2864391 3.2742879 
S.littoralis-CAB3515165.1     1.5579780 1.4159120 1.6491748 1.3147478 1.2493332 1.1967912 1.2093453 1.2093453 1.3836495 0.1458061 0.7958213 2.0901141 1.9705297 0.0000000 0.1364901 0.8134909 2.1261540 2.1505201 2.1585532 2.1782620 0.1518904 0.7521367 0.7521367 1.9748119 1.9748119 0.1364901 0.1046986 0.8056974 1.9161391 2.1759890 0.1334902 0.1334902 3.3036531 2.0444517 2.0444517 1.8836517 1.7784909 0.5727402 1.8855563 1.8050262 0.5103601 0.5298704 0.5328829 2.0702319 0.4591273 1.8754188 0.5270016 2.1282193 0.6665444 0.6866636 0.6679870 0.6885641 0.6885641 0.8776653 1.9590813 1.3267898 0.6534621 1.4751195 0.6598623 0.4903335 1.9502435 0.5603234 0.6135054 1.4344908 0.4271145 1.3167233 1.0494444 1.4014575 1.6123067 1.6077285 1.7741967 2.7125017 2.5241467 1.2530758 1.2978798 1.4839257 1.5547833 1.6070886 1.5738967 1.6009264 
A.plantaginis-CAB3231150.1    1.5504607 1.3902790 1.6385120 1.3541707 1.3784931 1.2334829 1.2465195 1.2465195 1.4318156 0.2131170 0.8546984 2.1910616 1.8861357 0.1364901 0.0000000 0.8767415 2.2334659 2.2594709 2.0944679 2.1120281 0.2167708 0.8077635 0.8077635 1.9272240 1.9272240 0.0000010 0.1623974 0.8759810 1.9537126 2.2162649 0.1978363 0.1978363 2.9631223 2.0950536 2.0950536 1.8155552 1.8375605 0.6600501 1.9557077 1.8956714 0.5734040 0.5926826 0.5861069 2.0864048 0.5512412 1.9721024 0.6008839 2.2098791 0.7615785 0.7230462 0.7440953 0.7615402 0.7615402 0.9391969 1.9924556 1.3020940 0.7331329 1.4326473 0.7208516 0.5419361 2.0104171 0.6118323 0.6450968 1.5684432 0.4983376 1.3162131 1.0899950 1.5073679 1.6752476 1.6596434 1.8464305 2.6786909 2.4423098 1.2945464 1.3706532 1.5657361 1.6604380 1.7276767 1.7180158 1.7231638 
A.plantaginis-CAB3223254.1    1.6734382 1.2817289 1.8153508 1.3737082 1.3730372 1.1864333 1.1748535 1.1748535 1.4326086 0.8232940 0.1380454 1.9884562 1.9625979 0.8134909 0.8767415 0.0000000 2.0232256 2.0462318 2.1468584 2.1590649 0.8813640 0.1625379 0.1625379 1.8687423 1.8687423 0.8767415 0.8464025 0.1395344 1.9754042 2.0949599 0.8215698 0.8215698 2.7662560 1.9141383 1.9141383 1.9179676 1.9094004 0.9210048 1.8708406 1.8414065 0.8489607 0.8573675 0.8401907 2.1886223 0.8115919 2.0033717 0.8593040 2.1844037 1.1019806 1.0435488 1.1088642 1.1743477 1.1743477 1.2903364 2.3389931 1.5097202 0.9424998 1.6396237 1.0066717 0.8368318 1.9124846 0.8726688 1.0652385 1.4623259 0.7634784 1.3433926 1.1953901 1.4806346 1.6423620 1.6298016 1.8698868 2.9370381 3.2726453 1.5486232 1.5529524 1.7998165 1.7141919 1.9208011 1.8858679 1.8789534 
A.plantaginis-CAB3231154.1    2.6180446 2.4609687 2.9877179 2.5809723 2.4880007 2.4356943 2.4605450 2.4605450 2.4086669 2.1699128 2.0773413 0.2492599 1.8394552 2.1261540 2.2334659 2.0232256 0.0000000 0.0068486 1.8946062 1.8902545 2.0987489 2.1286395 2.1286395 1.7662706 1.7662706 2.2334659 2.1898657 2.1012732 1.8117696 0.1378389 2.0995997 2.0995997 0.2145137 0.3131685 0.3131685 3.0192781 3.1261486 2.0482839 3.2914830 2.7694799 2.0995635 2.3398310 2.1221688 3.1106609 2.1261429 3.0004711 2.3627798 2.9358034 2.3241522 2.3414475 2.3768340 2.4586340 2.4586340 2.7117576 2.9119626 2.4328184 2.0142045 2.6767504 2.2075369 2.2094614 3.0876440 1.9658985 2.1562702 2.3900878 2.0480386 2.5660811 2.2174226 2.6826906 2.8084943 2.8208971 2.8996388 3.6231189 4.0242914 2.6924396 2.6846543 2.7761639 2.8474982 2.8871888 2.8571180 2.8715502 
A.plantaginis-CAB3249883.1    2.6492028 2.4910409 3.0251395 2.6122052 2.5174196 2.4639274 2.4891233 2.4891233 2.4463740 2.1947281 2.1007855 0.2397074 1.8544718 2.1505201 2.2594709 2.0462318 0.0068486 0.0000000 1.9158847 1.9114795 2.1230057 2.1525597 2.1525597 1.7806845 1.7806845 2.2594709 2.2151954 2.1251299 1.8264634 0.1374778 2.1236589 2.1236589 0.2145137 0.3152377 0.3152377 3.0676618 3.1764693 2.0715550 3.3453090 2.7694799 2.1235030 2.3667420 2.1463346 3.1133627 2.1504301 3.0031521 2.3899834 2.9384274 2.3510332 2.3691232 2.4046599 2.4896843 2.4896843 2.7199128 2.9214240 2.4644072 2.0373663 2.7162548 2.2330544 2.2352428 3.1375261 1.9885501 2.1813105 2.3889257 2.0711901 2.5965696 2.2224667 2.7238808 2.8635040 2.8761083 2.9252535 3.6364761 4.0440389 2.6949490 2.6871247 2.7787136 2.8500696 2.9053700 2.8597353 2.8741750 
A.plantaginis-CAB3249884.1    3.2118933 2.8284039 3.3291738 2.7885038 2.5445496 2.6450233 2.6722294 2.6722294 3.0037584 2.2361435 2.0741737 1.7899902 0.6368735 2.1585532 2.0944679 2.1468584 1.8946062 1.9158847 0.0000000 0.0069150 2.2572809 2.0771695 2.0771695 0.7085354 0.7085354 2.0944679 2.1523591 2.1972125 0.5421779 1.7382891 2.1702346 2.1702346 2.0872062 1.7872785 1.7872785 3.3697332 3.3563301 2.6172963 3.6670689 3.2346514 2.3850126 2.5000069 2.3813580 3.6427363 2.3817900 3.4186010 2.5243141 3.7389439 2.6663508 2.5521546 2.5350393 2.5350659 2.5350659 2.7465637 3.3222398 2.8463297 2.3655520 3.3575916 2.3359713 2.4719212 3.3290800 2.4752207 2.5495846 3.1163959 2.1417851 2.6371446 2.5997528 2.9528370 3.1357280 3.1453277 3.4903033 3.7042995 4.1726187 2.9136170 3.0305149 3.1691409 3.4578829 3.5660776 3.4989620 3.4290171 
A.plantaginis-CAB3231153.1    3.2159449 2.8437213 3.3577972 2.7933913 2.5699540 2.6335905 2.6606671 2.6606671 2.9965054 2.2563901 2.0875048 1.7898379 0.6526540 2.1782620 2.1120281 2.1590649 1.8902545 1.9114795 0.0069150 0.0000000 2.2759789 2.0889873 2.0889873 0.7255448 0.7255448 2.1120281 2.1720064 2.2096088 0.5566344 1.7290250 2.1852335 2.1852335 2.1342886 1.7871243 1.7871243 3.3932773 3.3796286 2.6167513 3.6936214 3.2509193 2.4010764 2.5240450 2.3974025 3.6580312 2.4047706 3.4613744 2.5485627 3.7432334 2.6901933 2.5602199 2.5437289 2.5444265 2.5444265 2.7341737 3.3336021 2.8620776 2.3546010 3.3406558 2.3434437 2.4588718 3.3489417 2.4620706 2.5710851 3.1173567 2.1628526 2.6430519 2.6173647 2.9796236 3.1494363 3.1590629 3.5377247 3.7246583 4.2159404 2.9379939 3.0560447 3.1957292 3.4876062 3.5972582 3.5295284 3.4589193 
B.ino-CAH0726637.1            1.5699672 1.4549428 1.6956441 1.3235843 1.3104107 1.2101166 1.2210992 1.2210992 1.4356213 0.1698889 0.8497994 2.1190578 1.9868926 0.1518904 0.2167708 0.8813640 2.0987489 2.1230057 2.2572809 2.2759789 0.0000000 0.8199770 0.8199770 2.1095613 2.1095613 0.2167708 0.2348701 0.8844355 1.9738490 2.0979995 0.1426108 0.1426108 2.7345743 2.0435768 2.0435768 1.9141453 1.9615837 0.6044876 1.9928796 1.8445117 0.5226343 0.5309922 0.5370980 2.1292437 0.4887333 1.8634553 0.5348154 2.2007742 0.7099392 0.6849065 0.6710272 0.6934073 0.6934073 0.8857724 2.0051042 1.3557839 0.6730482 1.5310860 0.6779948 0.5426352 2.0171227 0.5525842 0.6054971 1.5080173 0.4531994 1.2446916 1.1033198 1.4661818 1.6777549 1.6818767 1.8057623 2.8399617 2.5278687 1.2357031 1.3418146 1.4740321 1.5290377 1.6256368 1.5810030 1.6216250 
B.ino-CAH0714536.1            1.6345363 1.4082697 1.7523397 1.2749991 1.3036889 1.1957177 1.2081532 1.2081532 1.3679641 0.7804780 0.1443540 2.2006031 1.9264538 0.7521367 0.8077635 0.1625379 2.1286395 2.1525597 2.0771695 2.0889873 0.8199770 0.0000000 0.0000010 1.9101546 1.9101546 0.8077635 0.7754892 0.1660918 1.9587144 2.2218580 0.7814805 0.7814805 3.0224201 2.0600152 2.0600152 1.7987668 1.7525778 0.9138713 1.7536543 1.8717486 0.8232969 0.8390828 0.8075326 2.1317256 0.8049775 1.9490548 0.8489674 2.2721012 1.0743159 0.9605199 1.0040122 1.0733249 1.0733249 1.2541806 2.3106720 1.4881500 0.8700260 1.6256272 1.0143589 0.7979207 1.8160457 0.8992133 1.0217426 1.4864171 0.7247356 1.3094475 1.1771199 1.4269158 1.6340976 1.6288537 1.7849817 2.8375201 2.8306290 1.4830982 1.4965268 1.6230328 1.5580662 1.7771926 1.7239846 1.7036678 
B.ino-CAH0714537.1            1.6345363 1.4082697 1.7523397 1.2749991 1.3036889 1.1957177 1.2081532 1.2081532 1.3679641 0.7804780 0.1443540 2.2006031 1.9264538 0.7521367 0.8077635 0.1625379 2.1286395 2.1525597 2.0771695 2.0889873 0.8199770 0.0000010 0.0000000 1.9101546 1.9101546 0.8077635 0.7754892 0.1660918 1.9587144 2.2218580 0.7814805 0.7814805 3.0224201 2.0600152 2.0600152 1.7987668 1.7525778 0.9138713 1.7536543 1.8717486 0.8232969 0.8390828 0.8075326 2.1317256 0.8049775 1.9490548 0.8489674 2.2721012 1.0743159 0.9605199 1.0040122 1.0733249 1.0733249 1.2541806 2.3106720 1.4881500 0.8700260 1.6256272 1.0143589 0.7979207 1.8160457 0.8992133 1.0217426 1.4864171 0.7247356 1.3094475 1.1771199 1.4269158 1.6340976 1.6288537 1.7849817 2.8375201 2.8306290 1.4830982 1.4965268 1.6230328 1.5580662 1.7771926 1.7239846 1.7036678 
B.ino-CAH0726632.1            3.0912393 2.5068695 3.0665295 2.6318243 2.5886332 2.2416858 2.2401936 2.2401936 2.8205334 2.0792731 1.8455255 1.7790469 0.5782149 1.9748119 1.9272240 1.8687423 1.7662706 1.7806845 0.7085354 0.7255448 2.1095613 1.9101546 1.9101546 0.0000000 0.0000010 1.9272240 2.0185086 1.9228949 0.6310299 1.7225401 2.1386232 2.1386232 2.5092657 1.6144250 1.6144250 3.4662820 3.4261140 2.3194531 3.6146955 2.5862727 2.1221131 2.2941011 2.1427988 3.0658785 2.0667953 2.8752673 2.2651396 3.0577482 2.5883155 2.3791049 2.3490305 2.3140276 2.3140276 2.5478747 2.8943687 2.6261137 2.1643448 2.6161251 2.3335845 2.1490928 3.4886187 2.2458028 2.3007385 2.8978147 1.9588976 2.5062076 2.3323491 2.6444016 3.1178639 3.1018731 3.1312904 3.6578853 4.0430326 2.6499503 2.8826232 3.0876146 3.2516286 3.2587606 3.2001132 3.1851391 
B.ino-CAH0726633.1            3.0912393 2.5068695 3.0665295 2.6318243 2.5886332 2.2416858 2.2401936 2.2401936 2.8205334 2.0792731 1.8455255 1.7790469 0.5782149 1.9748119 1.9272240 1.8687423 1.7662706 1.7806845 0.7085354 0.7255448 2.1095613 1.9101546 1.9101546 0.0000010 0.0000000 1.9272240 2.0185086 1.9228949 0.6310299 1.7225401 2.1386232 2.1386232 2.5092657 1.6144250 1.6144250 3.4662820 3.4261140 2.3194531 3.6146955 2.5862727 2.1221131 2.2941011 2.1427988 3.0658785 2.0667953 2.8752673 2.2651396 3.0577482 2.5883155 2.3791049 2.3490305 2.3140276 2.3140276 2.5478747 2.8943687 2.6261137 2.1643448 2.6161251 2.3335845 2.1490928 3.4886187 2.2458028 2.3007385 2.8978147 1.9588976 2.5062076 2.3323491 2.6444016 3.1178639 3.1018731 3.1312904 3.6578853 4.0430326 2.6499503 2.8826232 3.0876146 3.2516286 3.2587606 3.2001132 3.1851391 
A.plantaginis-CAB3231151.1    1.5504607 1.3902790 1.6385120 1.3541707 1.3784931 1.2334829 1.2465195 1.2465195 1.4318156 0.2131170 0.8546984 2.1910616 1.8861357 0.1364901 0.0000010 0.8767415 2.2334659 2.2594709 2.0944679 2.1120281 0.2167708 0.8077635 0.8077635 1.9272240 1.9272240 0.0000000 0.1623974 0.8759810 1.9537126 2.2162649 0.1978363 0.1978363 2.9631223 2.0950536 2.0950536 1.8155552 1.8375605 0.6600501 1.9557077 1.8956714 0.5734040 0.5926826 0.5861069 2.0864048 0.5512412 1.9721024 0.6008839 2.2098791 0.7615785 0.7230462 0.7440953 0.7615402 0.7615402 0.9391969 1.9924556 1.3020940 0.7331329 1.4326473 0.7208516 0.5419361 2.0104171 0.6118323 0.6450968 1.5684432 0.4983376 1.3162131 1.0899950 1.5073679 1.6752476 1.6596434 1.8464305 2.6786909 2.4423098 1.2945464 1.3706532 1.5657361 1.6604380 1.7276767 1.7180158 1.7231638 
H.armigera-PZC78836.1         1.5613983 1.3783433 1.6371918 1.3186817 1.2052242 1.2282215 1.2391301 1.2391301 1.3287263 0.1760367 0.7974408 2.2268685 2.0012533 0.1046986 0.1623974 0.8464025 2.1898657 2.2151954 2.1523591 2.1720064 0.2348701 0.7754892 0.7754892 2.0185086 2.0185086 0.1623974 0.0000000 0.8311011 1.9694233 2.2215757 0.2030319 0.2030319 3.0245602 2.0800954 2.0800954 1.8742917 1.8770415 0.6347625 1.9339425 1.8273467 0.5516649 0.5513009 0.5585896 1.9871759 0.5358133 1.8881348 0.5658807 2.0389190 0.7051622 0.7001995 0.6962812 0.7264846 0.7264846 0.9209361 1.9828561 1.2491356 0.7049447 1.4786032 0.6981963 0.5522606 2.0043174 0.6037224 0.6416087 1.4151614 0.4789612 1.3423191 1.0927602 1.4222505 1.6769896 1.6742809 1.7350093 2.7726995 2.6265273 1.2869935 1.3258899 1.5338922 1.5603512 1.6980695 1.6434987 1.6675704 
H.armigera-PZC83667.1         1.7534296 1.3302968 1.8743146 1.3543781 1.3470314 1.1662946 1.1784662 1.1784662 1.4709976 0.8254706 0.1154724 2.1498605 1.9578402 0.8056974 0.8759810 0.1395344 2.1012732 2.1251299 2.1972125 2.2096088 0.8844355 0.1660918 0.1660918 1.9228949 1.9228949 0.8759810 0.8311011 0.0000000 1.9348345 2.2339833 0.8364776 0.8364776 3.1587241 2.0808098 2.0808098 1.9710277 1.9658379 0.9209048 1.9360822 1.8687560 0.8131993 0.8394545 0.8050132 2.2088183 0.7913845 1.9612619 0.8493384 2.1241922 1.1124742 1.0280739 1.1006947 1.1454122 1.1454122 1.2239502 2.2729517 1.5390441 0.9604955 1.6456846 1.0268540 0.8125827 1.9908149 0.8815375 1.0513652 1.5221449 0.7791866 1.3773192 1.2873504 1.4230038 1.5925573 1.5627813 1.9142766 2.9098205 3.0455595 1.4642510 1.4969699 1.6964234 1.6446385 1.7951544 1.7556834 1.8237669 
H.armigera-PZC78838.1         2.9269867 2.6429291 3.1359864 2.4733295 2.3798018 2.3806386 2.3557699 2.3557699 2.8632814 1.9446508 1.9291463 1.6816687 0.5731782 1.9161391 1.9537126 1.9754042 1.8117696 1.8264634 0.5421779 0.5566344 1.9738490 1.9587144 1.9587144 0.6310299 0.6310299 1.9537126 1.9694233 1.9348345 0.0000000 1.8684683 1.9632597 1.9632597 1.9506681 1.8570619 1.8570619 3.5404164 3.3899654 2.3057404 3.6963815 2.7682450 2.0701458 2.2204666 2.0876252 3.2145566 2.0418876 2.9778690 2.2226083 3.3434600 2.3805487 2.2133645 2.2144215 2.2135467 2.2135467 2.5895622 3.0793521 2.3674459 2.1658993 2.9619047 2.1987272 2.1217595 3.3745520 2.2026973 2.3067484 2.7131586 1.9780594 2.5806989 2.3350472 2.6280693 2.9927698 2.9983087 3.1733293 3.6524684 3.8311041 2.4472702 2.6983471 2.8972786 3.0906813 3.1804063 3.0900485 3.0625906 
H.armigera-PZC78839.1         2.8511453 2.6589635 3.2045348 2.6288355 2.7667167 2.5167085 2.5426230 2.5426230 2.6099116 2.2102680 2.1704982 0.2204598 1.8171677 2.1759890 2.2162649 2.0949599 0.1378389 0.1374778 1.7382891 1.7290250 2.0979995 2.2218580 2.2218580 1.7225401 1.7225401 2.2162649 2.2215757 2.2339833 1.8684683 0.0000000 2.1389859 2.1389859 0.3292977 0.3407720 0.3407720 3.2517588 3.3907926 2.1986139 3.5312620 2.8422506 2.1674945 2.4096510 2.1910579 3.2531137 2.2157541 3.0188383 2.4336110 3.1324158 2.4193596 2.4449643 2.5621118 2.6406603 2.6406603 2.8192589 2.9733029 2.6207411 2.1092952 2.7454550 2.3359793 2.2769704 3.2915830 2.0920070 2.2438791 2.4482771 2.1062407 2.6201649 2.2262168 2.7285337 3.0507065 3.0640823 3.1917064 3.7213140 4.1247100 2.6756852 2.7256804 2.8071263 2.8217171 2.8670497 2.8370218 2.8514351 
I.podalirius-CAH2066547.1     1.5265161 1.4363091 1.6631283 1.2873852 1.2129139 1.1995445 1.2122737 1.2122737 1.3996295 0.1437757 0.8239119 2.1527751 1.9771289 0.1334902 0.1978363 0.8215698 2.0995997 2.1236589 2.1702346 2.1852335 0.1426108 0.7814805 0.7814805 2.1386232 2.1386232 0.1978363 0.2030319 0.8364776 1.9632597 2.1389859 0.0000000 0.0000010 2.7445220 2.0441582 2.0441582 1.9580412 1.9560869 0.6036652 2.0128777 1.8519710 0.5126726 0.5638233 0.5269674 2.0889410 0.5171180 1.9194994 0.5609617 2.1981717 0.7112296 0.6750366 0.7258173 0.7407257 0.7407257 0.9405933 2.0103072 1.3521453 0.6598053 1.5973335 0.6769151 0.5323774 2.0872231 0.5558653 0.6205771 1.4014235 0.4697130 1.2945066 1.0842090 1.4343332 1.7472449 1.7514527 1.8576480 2.8603710 2.6598182 1.2359738 1.3375689 1.4183318 1.4797128 1.6182646 1.5713418 1.5998598 
I.podalirius-CAH2066549.1     1.5265161 1.4363091 1.6631283 1.2873852 1.2129139 1.1995445 1.2122737 1.2122737 1.3996295 0.1437757 0.8239119 2.1527751 1.9771289 0.1334902 0.1978363 0.8215698 2.0995997 2.1236589 2.1702346 2.1852335 0.1426108 0.7814805 0.7814805 2.1386232 2.1386232 0.1978363 0.2030319 0.8364776 1.9632597 2.1389859 0.0000010 0.0000000 2.7445220 2.0441582 2.0441582 1.9580412 1.9560869 0.6036652 2.0128777 1.8519710 0.5126726 0.5638233 0.5269674 2.0889410 0.5171180 1.9194994 0.5609617 2.1981717 0.7112296 0.6750366 0.7258173 0.7407257 0.7407257 0.9405933 2.0103072 1.3521453 0.6598053 1.5973335 0.6769151 0.5323774 2.0872231 0.5558653 0.6205771 1.4014235 0.4697130 1.2945066 1.0842090 1.4343332 1.7472449 1.7514527 1.8576480 2.8603710 2.6598182 1.2359738 1.3375689 1.4183318 1.4797128 1.6182646 1.5713418 1.5998598 
I.podalirius-CAH2066545.1     2.6488697 2.5520410 2.6597420 4.5449571 3.9721111 4.4894443 4.4894443 4.4894443 3.1953649 3.1718474 2.8912792 0.2883686 2.1678644 3.3036531 2.9631223 2.7662560 0.2145137 0.2145137 2.0872062 2.1342886 2.7345743 3.0224201 3.0224201 2.5092657 2.5092657 2.9631223 3.0245602 3.1587241 1.9506681 0.3292977 2.7445220 2.7445220 0.0000000 0.0214987 0.0214987 3.1683463 3.3143435 3.4492869 3.8147749 3.2274176 3.9310829 3.5465047 3.9852599 3.2069836 3.2567891 2.8887973 3.5465047 2.4122843 5.0940551 3.6715043 3.2857231 4.9334723 4.9334723 2.8950536 3.4722800 2.5518314 3.1668121 4.4469013 3.3014233 3.7907209 3.5117292 3.5034246 3.7387743 3.0301242 2.5400213 3.4071549 2.4670065 3.7964483 4.9888354 4.9888354 3.1811298 4.8349314 5.5881608 3.7464000 4.6917548 3.0184555 2.9980271 3.8918698 3.5941291 4.2856659 
I.podalirius-CAH2066543.1     2.8255269 2.4396977 2.8743061 2.7335443 2.5096376 2.3994550 2.4115944 2.4115944 2.5506590 2.0787593 2.0017091 0.3551175 1.7784821 2.0444517 2.0950536 1.9141383 0.3131685 0.3152377 1.7872785 1.7871243 2.0435768 2.0600152 2.0600152 1.6144250 1.6144250 2.0950536 2.0800954 2.0808098 1.8570619 0.3407720 2.0441582 2.0441582 0.0214987 0.0000000 0.0000010 3.1340212 3.3239106 1.9330726 3.4423084 2.9753487 2.1139619 2.3074964 2.1281895 3.3139969 2.1267520 3.2245876 2.3347941 2.8780529 2.3135935 2.3930646 2.3404345 2.3397524 2.3397524 2.6382339 2.8344312 2.4262615 2.0023400 2.6149352 2.1334373 2.2372958 3.1825927 1.8534594 2.0619323 2.5693457 1.9245508 2.5524460 2.1704066 2.6598163 3.0745039 3.0573789 3.0601611 3.5775741 4.4713654 2.6138328 2.6778974 2.7638243 2.7618477 2.8211744 2.8069547 2.8795521 
I.podalirius-CAH2066541.1     2.8255269 2.4396977 2.8743061 2.7335443 2.5096376 2.3994550 2.4115944 2.4115944 2.5506590 2.0787593 2.0017091 0.3551175 1.7784821 2.0444517 2.0950536 1.9141383 0.3131685 0.3152377 1.7872785 1.7871243 2.0435768 2.0600152 2.0600152 1.6144250 1.6144250 2.0950536 2.0800954 2.0808098 1.8570619 0.3407720 2.0441582 2.0441582 0.0214987 0.0000010 0.0000000 3.1340212 3.3239106 1.9330726 3.4423084 2.9753487 2.1139619 2.3074964 2.1281895 3.3139969 2.1267520 3.2245876 2.3347941 2.8780529 2.3135935 2.3930646 2.3404345 2.3397524 2.3397524 2.6382339 2.8344312 2.4262615 2.0023400 2.6149352 2.1334373 2.2372958 3.1825927 1.8534594 2.0619323 2.5693457 1.9245508 2.5524460 2.1704066 2.6598163 3.0745039 3.0573789 3.0601611 3.5775741 4.4713654 2.6138328 2.6778974 2.7638243 2.7618477 2.8211744 2.8069547 2.8795521 
C.capitata-CAD6994394.1       1.8094633 1.9439969 2.1014313 1.7487093 1.6383863 1.5579522 1.5656347 1.5656347 1.6378210 1.8336847 1.8779235 3.1793370 3.6465191 1.8836517 1.8155552 1.9179676 3.0192781 3.0676618 3.3697332 3.3932773 1.9141453 1.7987668 1.7987668 3.4662820 3.4662820 1.8155552 1.8742917 1.9710277 3.5404164 3.2517588 1.9580412 1.9580412 3.1683463 3.1340212 3.1340212 0.0000000 0.1859755 1.8160473 0.2481968 2.3355657 1.8909900 1.9323357 1.8677418 2.5086013 1.8118099 2.3174848 1.9551047 2.6536764 1.9546275 1.7863844 1.6662919 1.6760811 1.6760811 1.9926347 2.2073174 1.9590455 1.7689888 2.0573843 1.8368306 1.9147413 0.2087739 1.8754432 1.7733100 2.0993957 1.6237047 1.5920148 1.3640916 1.9567201 2.1113207 2.1350473 2.2389776 3.0692526 3.3749983 1.8988346 1.8211510 1.9047293 2.0459800 2.0154758 2.0800652 2.0375672 
L.cuprina-KAI8116404.1        1.7885016 1.9232115 1.9870769 1.6853750 1.6566296 1.4616858 1.4769806 1.4769806 1.6193424 1.8100338 1.8787121 3.2506496 3.6736476 1.7784909 1.8375605 1.9094004 3.1261486 3.1764693 3.3563301 3.3796286 1.9615837 1.7525778 1.7525778 3.4261140 3.4261140 1.8375605 1.8770415 1.9658379 3.3899654 3.3907926 1.9560869 1.9560869 3.3143435 3.3239106 3.3239106 0.1859755 0.0000000 1.7189834 0.2546983 2.4138423 1.8624589 1.9809149 1.8725420 2.6264711 1.7454034 2.4263007 1.9918481 2.7386719 1.9081832 1.8931248 1.7433164 1.7438883 1.7438883 1.9528110 2.2642581 1.9727439 1.7503386 2.0466284 1.8715476 1.8609025 0.2436900 1.8222263 1.7381076 2.1270244 1.6073119 1.6805626 1.4652230 2.0712930 2.0286206 2.0515401 2.2164479 3.1931062 3.3380112 1.7647355 1.7675271 1.9105908 2.0093969 1.9876948 2.0415567 1.9647235 
L.cuprina-KAI8130912.2        1.5260511 1.4595877 1.7693476 1.3485891 1.3125980 1.2028967 1.2154946 1.2154946 1.4414872 0.6134618 0.8543786 2.1249731 2.3747905 0.5727402 0.6600501 0.9210048 2.0482839 2.0715550 2.6172963 2.6167513 0.6044876 0.9138713 0.9138713 2.3194531 2.3194531 0.6600501 0.6347625 0.9209048 2.3057404 2.1986139 0.6036652 0.6036652 3.4492869 1.9330726 1.9330726 1.8160473 1.7189834 0.0000000 1.9242762 2.0172474 0.5085920 0.5417364 0.4992485 2.3435247 0.4819590 2.1751184 0.5495246 2.3769542 0.3674552 0.7748286 0.7388803 0.7479466 0.7479466 0.9920985 1.9821500 1.3575381 0.6905159 1.6121380 0.6194730 0.5681793 1.9220435 0.1660891 0.2720298 1.4921559 0.4883570 1.2400521 1.1206697 1.5444143 1.7388357 1.7239295 1.8304101 2.8200866 2.7018885 1.3799593 1.4253603 1.4708225 1.5520975 1.6649829 1.6498400 1.6235812 
G.fuscipes-KAI9577037.1       1.8638761 2.0042756 2.1830943 1.6741192 1.6944704 1.6602278 1.6683904 1.6683904 1.6659921 1.8981633 1.8203799 3.2498464 4.0226728 1.8855563 1.9557077 1.8708406 3.2914830 3.3453090 3.6670689 3.6936214 1.9928796 1.7536543 1.7536543 3.6146955 3.6146955 1.9557077 1.9339425 1.9360822 3.6963815 3.5312620 2.0128777 2.0128777 3.8147749 3.4423084 3.4423084 0.2481968 0.2546983 1.9242762 0.0000000 2.4369135 1.9295766 1.9117082 1.9294064 2.5657820 1.8078587 2.3907407 1.9266776 2.6752677 1.9843493 1.8764064 1.7775739 1.8164853 1.8164853 2.0165982 2.2675687 2.1480264 1.8459946 2.1235918 1.8605004 1.8577190 0.2807637 2.0012038 1.9304955 2.0998297 1.6851028 1.7544798 1.4576103 2.0157939 2.0604805 2.0675361 2.0579442 3.4598258 3.4902100 1.9469393 1.8765975 2.0512990 2.1308171 2.0851669 2.1433580 2.0979995 
T.longispinosus-TGZ32222.1    2.3435644 1.9675339 2.3542164 1.6142886 1.5573103 1.6327104 1.6187525 1.6187525 1.7300743 1.7594877 1.7801248 2.7777633 2.8910300 1.8050262 1.8956714 1.8414065 2.7694799 2.7694799 3.2346514 3.2509193 1.8445117 1.8717486 1.8717486 2.5862727 2.5862727 1.8956714 1.8273467 1.8687560 2.7682450 2.8422506 1.8519710 1.8519710 3.2274176 2.9753487 2.9753487 2.3355657 2.4138423 2.0172474 2.4369135 0.0000000 1.8948267 1.9861337 1.8424124 0.1719745 1.9426781 0.3607249 1.9547828 0.6704021 2.1631967 2.0328036 2.0589700 2.1172137 2.1172137 2.2581996 2.5261302 1.7502886 1.9956339 1.9387882 2.1230698 2.0244910 2.5788682 2.0730287 2.0973835 1.9886060 1.9267733 2.1248882 1.6337082 1.9110341 2.3809188 2.4037981 2.2286990 2.9643334 3.1717966 1.9640574 2.1877331 2.4051760 2.3534354 2.5844721 2.5478549 2.5393116 
E.burchellii-KAH0956584.1     1.4652711 1.4340601 1.8135050 1.2744580 1.1871340 1.1376978 1.1497663 1.1497663 1.3582734 0.5190067 0.7996186 2.2501960 2.1154796 0.5103601 0.5734040 0.8489607 2.0995635 2.1235030 2.3850126 2.4010764 0.5226343 0.8232969 0.8232969 2.1221131 2.1221131 0.5734040 0.5516649 0.8131993 2.0701458 2.1674945 0.5126726 0.5126726 3.9310829 2.1139619 2.1139619 1.8909900 1.8624589 0.5085920 1.9295766 1.8948267 0.0000000 0.2481348 0.0309095 2.2082621 0.0868725 2.1741954 0.2448749 2.3217308 0.6167452 0.6868726 0.6829272 0.7118231 0.7118231 0.9483557 2.0383285 1.3967525 0.5886525 1.7100410 0.5849583 0.1475098 1.8823146 0.5385543 0.4981620 1.4177750 0.3052418 1.0364752 1.0575572 1.5021077 1.7050600 1.7024860 1.7159177 3.1182385 2.8993037 1.2744072 1.4545861 1.5877415 1.5571643 1.7337812 1.7116960 1.7348235 
C.glomerata-KAH0554196.1      1.4601578 1.3876164 1.8974052 1.3457829 1.2696422 1.2562091 1.2673130 1.2673130 1.4751316 0.5060353 0.8177571 2.3549832 2.2494982 0.5298704 0.5926826 0.8573675 2.3398310 2.3667420 2.5000069 2.5240450 0.5309922 0.8390828 0.8390828 2.2941011 2.2941011 0.5926826 0.5513009 0.8394545 2.2204666 2.4096510 0.5638233 0.5638233 3.5465047 2.3074964 2.3074964 1.9323357 1.9809149 0.5417364 1.9117082 1.9861337 0.2481348 0.0000000 0.2442155 2.3379377 0.2383947 2.2251565 0.0067315 2.4173974 0.5978486 0.7247500 0.7386804 0.7776586 0.7776586 0.9251974 2.1714502 1.4977669 0.6119813 1.7304252 0.6368321 0.2490462 2.0119472 0.5652409 0.5776701 1.4771370 0.3676209 1.2311423 1.1956749 1.5263264 1.7780936 1.7755041 1.6903807 3.1572507 2.9242568 1.3554338 1.3735355 1.6888547 1.6502286 1.8442826 1.7806051 1.8238721 
O.biroi-EZA57806.1            1.4519482 1.4219112 1.8347762 1.2624444 1.1942533 1.1327904 1.1448191 1.1448191 1.3429885 0.5280850 0.7908543 2.2755556 2.1425888 0.5328829 0.5861069 0.8401907 2.1221688 2.1463346 2.3813580 2.3974025 0.5370980 0.8075326 0.8075326 2.1427988 2.1427988 0.5861069 0.5585896 0.8050132 2.0876252 2.1910579 0.5269674 0.5269674 3.9852599 2.1281895 2.1281895 1.8677418 1.8725420 0.4992485 1.9294064 1.8424124 0.0309095 0.2442155 0.0000000 2.2375944 0.1067227 2.1708322 0.2496347 2.2810734 0.6226175 0.6530455 0.6832333 0.7142064 0.7142064 0.9442732 2.1399532 1.3917276 0.5827471 1.7327357 0.6058059 0.1480004 1.9311690 0.5401764 0.4864464 1.4094484 0.3151944 1.0734162 1.0858811 1.4713390 1.7002191 1.6976564 1.7305307 3.0458250 2.8130425 1.2731593 1.4582244 1.6246216 1.5930773 1.7715329 1.7492430 1.7727982 
O.biroi-EZA53303.1            2.4904833 2.2270046 2.5363435 2.0194560 1.8600271 1.9401782 1.9257613 1.9257613 2.0444415 1.9774020 2.1095385 3.2398806 3.4042359 2.0702319 2.0864048 2.1886223 3.1106609 3.1133627 3.6427363 3.6580312 2.1292437 2.1317256 2.1317256 3.0658785 3.0658785 2.0864048 1.9871759 2.2088183 3.2145566 3.2531137 2.0889410 2.0889410 3.2069836 3.3139969 3.3139969 2.5086013 2.6264711 2.3435247 2.5657820 0.1719745 2.2082621 2.3379377 2.2375944 0.0000000 2.2007863 0.3791428 2.3065562 0.6889588 2.4847869 2.3953738 2.2739915 2.3372015 2.3372015 2.4254309 2.8592289 2.0512822 2.3183183 2.3328145 2.2922628 2.3616435 2.7112791 2.3478060 2.4620434 2.1638152 2.2267598 2.3693889 1.9494602 2.2567776 2.7042128 2.7544228 2.4129337 3.3583874 3.5198766 2.2388319 2.2867943 2.4534896 2.4720757 2.5912362 2.5695459 2.5110124 
A.compressa-KAG7201324.1      1.4122199 1.3562074 1.7290126 1.2196457 1.1411126 1.1038725 1.1157439 1.1157439 1.3415622 0.5092297 0.7651217 2.2120586 2.1519258 0.4591273 0.5512412 0.8115919 2.1261429 2.1504301 2.3817900 2.4047706 0.4887333 0.8049775 0.8049775 2.0667953 2.0667953 0.5512412 0.5358133 0.7913845 2.0418876 2.2157541 0.5171180 0.5171180 3.2567891 2.1267520 2.1267520 1.8118099 1.7454034 0.4819590 1.8078587 1.9426781 0.0868725 0.2383947 0.1067227 2.2007863 0.0000000 2.1457699 0.2351373 2.3008387 0.6034388 0.6835483 0.6829258 0.7220304 0.7220304 0.8590989 2.0935684 1.3470750 0.5531237 1.6062582 0.6149834 0.1330966 1.7922813 0.5314017 0.4980244 1.3534504 0.2736154 1.0325574 0.9804989 1.3685503 1.6337122 1.6341063 1.6746787 2.9218939 2.7849992 1.2329773 1.3632654 1.5241971 1.5317470 1.6728298 1.6550947 1.6628800 
A.compressa-KAG7212671.1      2.4768031 2.1742575 2.2452332 1.9534740 1.9202418 1.8284808 1.8275782 1.8275782 2.0142820 1.8678064 1.9646703 2.9789406 3.0647950 1.8754188 1.9721024 2.0033717 3.0004711 3.0031521 3.4186010 3.4613744 1.8634553 1.9490548 1.9490548 2.8752673 2.8752673 1.9721024 1.8881348 1.9612619 2.9778690 3.0188383 1.9194994 1.9194994 2.8887973 3.2245876 3.2245876 2.3174848 2.4263007 2.1751184 2.3907407 0.3607249 2.1741954 2.2251565 2.1708322 0.3791428 2.1457699 0.0000000 2.1875749 0.6416279 2.2271041 2.2839918 2.1425759 2.2244278 2.2244278 2.4500415 2.8230390 2.0434366 2.2376235 2.0816923 2.2505073 2.2527648 2.5868959 2.2077012 2.3230716 2.1083090 2.0613613 2.3244493 1.9216960 2.2629624 2.5659716 2.6071078 2.3124993 3.7234052 3.1973958 2.1720793 2.3489618 2.4006805 2.4060859 2.6127546 2.6131996 2.5397803 
C.congregata-CAG5095999.1     1.4704607 1.3811623 1.8710295 1.3184523 1.2549979 1.2633483 1.2632345 1.2632345 1.4639213 0.5097752 0.8275052 2.3795809 2.2047024 0.5270016 0.6008839 0.8593040 2.3627798 2.3899834 2.5243141 2.5485627 0.5348154 0.8489674 0.8489674 2.2651396 2.2651396 0.6008839 0.5658807 0.8493384 2.2226083 2.4336110 0.5609617 0.5609617 3.5465047 2.3347941 2.3347941 1.9551047 1.9918481 0.5495246 1.9266776 1.9547828 0.2448749 0.0067315 0.2496347 2.3065562 0.2351373 2.1875749 0.0000000 2.4259676 0.6129580 0.7266361 0.7488844 0.7891176 0.7891176 0.9386914 2.1726663 1.5141593 0.6203584 1.7311943 0.6523841 0.2457836 2.0356903 0.5800573 0.5858615 1.4547901 0.3740937 1.2278547 1.1925237 1.5113349 1.7798393 1.7772425 1.6948108 3.1179325 2.9639875 1.3384959 1.3926075 1.7016230 1.6538435 1.8484505 1.7939615 1.8375938 
C.congregata-CAG5097411.1     2.4031358 2.2620707 2.5645324 2.2137409 2.1323714 2.0805743 2.0909617 2.0909617 2.1231928 2.1781591 2.1281068 2.9217052 3.3572439 2.1282193 2.2098791 2.1844037 2.9358034 2.9384274 3.7389439 3.7432334 2.2007742 2.2721012 2.2721012 3.0577482 3.0577482 2.2098791 2.0389190 2.1241922 3.3434600 3.1324158 2.1981717 2.1981717 2.4122843 2.8780529 2.8780529 2.6536764 2.7386719 2.3769542 2.6752677 0.6704021 2.3217308 2.4173974 2.2810734 0.6889588 2.3008387 0.6416279 2.4259676 0.0000000 2.8249172 2.7710544 2.4644684 2.6490456 2.6490456 2.3077470 3.0191591 2.0747809 2.2959448 2.1593325 2.6463497 2.4460516 2.8705925 2.5202284 2.5139747 2.1314679 2.3077480 2.4530664 1.9932238 2.4663453 2.5677694 2.5963049 2.5644228 3.5315457 3.4242066 2.3289321 2.5285295 2.7214597 2.6565055 2.8088098 2.7511566 2.8024224 
