57
DmelNHA2                     0.0000000 2.8806297 3.3431544 3.0258789 2.9475531 3.3431544 3.4067510 2.4160986 3.2293760 3.0836918 2.6586497 2.6351893 2.6578003 2.5930612 2.5783351 3.1428695 3.0278630 3.0355976 2.8567846 3.1152282 2.8730979 2.9709578 3.1311134 3.1629015 3.0595220 3.0335727 0.5052290 1.0345048 0.7075969 7.1334460 3.0591669 3.1295823 3.0954633 3.2594266 3.1317438 2.9739215 3.2816689 3.2756437 1.2048149 1.1746623 2.2383026 2.2456740 2.6207872 2.5338007 2.4375768 2.8579614 3.2291196 3.6905724 2.8724814 2.8583712 2.7726236 3.1340239 3.0451012 3.1272689 3.2960073 2.7249280 1.9693338 
N.striatum-KAG1663790.1      2.8806297 0.0000000 0.0202162 1.8120593 0.0056229 0.0202162 0.0266171 1.1778213 0.0777214 1.7700504 1.3893721 1.7901194 1.7832473 1.7851690 1.7757082 2.2619414 2.2565650 2.2336371 2.2627738 2.3831849 2.3805244 2.4438328 2.3207165 2.3392178 2.3913952 2.3995761 2.2804404 2.7259385 2.6104909 6.2163848 2.2501413 2.2116840 2.2906162 2.3209696 2.2764076 2.2588194 2.3266396 2.4399796 2.4643089 2.4281776 1.4655367 1.3727881 1.7508907 1.9260296 1.7322884 1.9439027 2.2696885 0.1067689 2.2814764 1.6124679 1.6803930 1.9303332 1.8006773 2.2036194 2.2092250 1.8408365 1.0023180 
N.striatum-KAG1694105.1      3.3431544 0.0202162 0.0000000 1.8427849 0.0266171 0.0000010 0.0030207 1.2478219 0.1072437 1.8172007 1.6832107 1.9211751 1.9142626 1.8506845 1.9627902 2.8456025 2.6980948 2.6068409 2.3070119 2.8662098 2.3713786 2.4238952 2.7123817 2.9467858 2.7245965 2.3903693 2.2917152 3.2805615 2.7113761 6.1978251 2.3109902 2.2765891 2.3780799 2.3490363 2.3638741 2.3424196 2.3501105 2.5345457 2.6300399 2.5923983 1.5742063 1.3749796 1.9406137 2.1622873 1.9478084 2.6121697 2.3377911 0.0385180 2.3180625 1.7539490 1.6655139 2.1530978 1.8241040 2.3573310 2.3000305 1.8502992 1.0066220 
O.gibbosus-KAG8183784.1      3.0258789 1.8120593 1.8427849 0.0000000 1.8375192 1.8427849 1.8684683 1.9219490 2.0659711 2.2432826 1.8559888 2.6088444 2.6115258 2.6062747 2.3949131 2.5647858 2.6728965 2.6868952 2.4911946 2.6009175 2.5207778 2.5328231 2.6864241 2.5740001 2.5709527 2.5500505 3.0682609 3.0432979 3.0330003 8.7090685 2.5539528 2.3742448 2.4490964 2.3105048 2.4282305 2.2760448 2.3570296 2.3979608 2.9322880 2.9544988 2.1586828 2.0350896 2.3297036 2.6448372 2.1989863 2.5353468 2.6048166 2.0902071 2.6310976 2.4458787 2.8061483 2.6656051 2.7214681 2.9561969 2.8077293 2.5762297 1.7436403 
N.striatum-KAG1663789.1      2.9475531 0.0056229 0.0266171 1.8375192 0.0000000 0.0262674 0.0195981 1.1982218 0.0787970 1.7897136 1.4104019 1.8080261 1.8011305 1.8030768 1.8001196 2.2871910 2.2818510 2.2587779 2.2885372 2.4098643 2.4068387 2.4711565 2.3466572 2.3656093 2.4182935 2.4265449 2.3294550 2.8127115 2.6361401 6.1818190 2.2681569 2.2408198 2.3202928 2.3475236 2.3058436 2.2882569 2.3532691 2.4713587 2.5168860 2.4802417 1.4752445 1.3950019 1.7755232 1.9547760 1.7501421 1.9623792 2.2991837 0.1074022 2.3091667 1.6286499 1.6973690 1.9379508 1.8079668 2.2234562 2.2293544 1.8596742 1.0260869 
N.striatum-KAG1694104.1      3.3431544 0.0202162 0.0000010 1.8427849 0.0262674 0.0000000 0.0030009 1.2478219 0.1056334 1.8172007 1.6832107 1.9211751 1.9142626 1.8506845 1.9627902 2.8456025 2.6980948 2.6068409 2.3070119 2.8662098 2.3713786 2.4238952 2.7123817 2.9467858 2.7245965 2.3903693 2.2917152 3.2805615 2.7113761 6.1978251 2.3109902 2.2765891 2.3780799 2.3490363 2.3638741 2.3424196 2.3501105 2.5345457 2.6300399 2.5923983 1.5742063 1.3749796 1.9406137 2.1622873 1.9478084 2.6121697 2.3377911 0.0382402 2.3180625 1.7539490 1.6655139 2.1530978 1.8241040 2.3573310 2.3000305 1.8502992 1.0066220 
N.striatum-KAG1694103.1      3.4067510 0.0266171 0.0030207 1.8684683 0.0195981 0.0030009 0.0000000 1.2682994 0.1078714 1.8368525 1.7049028 1.9390726 1.9321387 1.8687570 1.9877375 2.8713891 2.7222585 2.6309264 2.3331642 2.8923984 2.3973662 2.4507587 2.7374120 2.9722823 2.7516358 2.4170707 2.3407873 3.3598627 2.7354697 6.1645538 2.3292766 2.3061836 2.4084258 2.3756120 2.3939815 2.3724884 2.3767103 2.5666478 2.6815845 2.6439675 1.5836749 1.3972467 1.9658002 2.1922883 1.9661391 2.6292558 2.3677638 0.0393596 2.3457496 1.7706777 1.6823472 2.1613921 1.8313436 2.3770063 2.3202801 1.8692175 1.0304215 
P.vannamei-ROT75079.1        2.4160986 1.1778213 1.2478219 1.9219490 1.1982218 1.2478219 1.2682994 0.0000000 1.3730653 1.4788638 1.2817324 1.7303378 1.7415658 1.7007392 1.7184461 2.1587566 2.2744933 2.2716169 2.1770518 2.3788084 2.2846714 2.3227455 2.3055413 2.2966275 2.2199770 2.1877699 2.2397215 2.2980920 2.4103379 7.5538215 2.0643054 1.8119494 1.9721147 2.1223776 1.9629917 1.9251886 2.1382906 2.0332890 2.2673646 2.2389440 1.4246062 1.3210512 1.7437826 1.8054464 1.7484231 1.9678987 2.0244384 1.4386742 2.3398718 1.4513306 1.6169488 1.9898226 1.8058228 2.1854748 2.1465954 1.9528268 0.9699551 
N.striatum-KAG1663791.1      3.2293760 0.0777214 0.1072437 2.0659711 0.0787970 0.1056334 0.1078714 1.3730653 0.0000000 1.9831585 1.5945553 2.0227792 2.0152635 2.0175026 2.0499677 2.5102149 2.4933230 2.4685660 2.5042562 2.6028716 2.6162946 2.6700747 2.5584372 2.5914010 2.6494670 2.6584968 2.7255989 3.1571367 3.0461014 6.7061645 2.4295054 2.4513628 2.5188354 2.5767622 2.5151639 2.5426658 2.5833111 2.7136734 2.8678931 2.8256362 1.7305091 1.6101221 2.0338577 2.1978871 1.9601723 2.2561082 2.5204717 0.0214612 2.5377044 1.8488569 1.9035849 2.1763937 2.0588233 2.4990831 2.5095670 2.1149991 1.3007638 
T.californicus-TRY75264.1    3.0836918 1.7700504 1.8172007 2.2432826 1.7897136 1.8172007 1.8368525 1.4788638 1.9831585 0.0000000 1.4489972 1.8769502 1.8752569 1.8235631 2.1055106 2.2757338 2.3584361 2.3577950 2.3185961 2.4898866 2.3200504 2.4708244 2.3901882 2.3364981 2.3290004 2.3066337 2.4495376 2.8671516 2.6370695 6.9768617 2.3199860 2.1995444 2.2531642 2.4405399 2.2224080 2.2238939 2.4043405 2.2957908 2.6087825 2.6137940 1.6655447 1.5526385 2.0503374 1.8651220 1.7276045 2.0171818 2.1684612 2.0229580 2.2408450 1.4046317 1.4606169 1.9058405 1.7627717 2.1416410 2.1085058 1.7586304 0.7134399 
A.amphitrite-KAF0289584.1    2.6586497 1.3893721 1.6832107 1.8559888 1.4104019 1.6832107 1.7049028 1.2817324 1.5945553 1.4489972 0.0000000 1.9107212 1.9004993 1.8429989 1.8834935 2.3867374 2.4059705 2.4268468 2.2316368 2.5404245 2.2997769 2.4456134 2.3780390 2.4296515 2.3453854 2.2842158 2.2657289 2.6177478 2.5489501 6.3118042 2.1443676 1.9834721 2.0570966 2.2365303 2.0316285 2.0089000 2.2352600 2.1769193 2.6752054 2.6060298 1.4711130 1.3395100 1.8954845 2.0578200 1.7300092 2.0569340 2.0770941 1.8947085 2.1920074 1.7468542 1.6651648 2.2183802 1.9454524 2.3552565 2.3344462 1.7956225 0.8373728 
D.citri-KAI5736882.1         2.6351893 1.7901194 1.9211751 2.6088444 1.8080261 1.9211751 1.9390726 1.7303378 2.0227792 1.8769502 1.9107212 0.0000000 0.0036345 0.0394740 1.3787315 2.0676494 2.1651552 2.1811551 2.1792623 2.2691165 2.1753106 2.2603184 2.1843673 2.1856389 2.2125559 2.1853147 2.5668458 2.3601909 2.7609608 6.6437981 1.9154318 1.7847822 1.8318561 2.0010733 1.7936656 1.8493292 2.0224817 1.9599633 2.3672590 2.3227146 1.5566440 1.4069808 1.4009380 1.8037208 0.9236543 1.3225274 2.0050987 2.1503931 1.9997673 1.7992746 1.8538590 2.1278657 2.0695436 2.2249396 2.2285511 1.9974972 1.4031120 
D.citri-KAI5704272.1         2.6578003 1.7832473 1.9142626 2.6115258 1.8011305 1.9142626 1.9321387 1.7415658 2.0152635 1.8752569 1.9004993 0.0036345 0.0000000 0.0352516 1.3843859 2.0715325 2.1673342 2.1833629 2.1815491 2.2714526 2.1761681 2.2626471 2.1933174 2.2112062 2.2384633 2.2109814 2.5763395 2.3848325 2.7801871 6.6979955 1.9184534 1.7991996 1.8465536 2.0157148 1.8081213 1.8642075 2.0259234 1.9757505 2.3843526 2.3395109 1.5562304 1.4126271 1.4067782 1.8054381 0.9294018 1.3289361 2.0255608 2.1428901 2.0022934 1.7986084 1.8637271 2.1390052 2.0739745 2.2398660 2.2401653 2.0090446 1.3896397 
D.citri-KAI5704273.1         2.5930612 1.7851690 1.8506845 2.6062747 1.8030768 1.8506845 1.8687570 1.7007392 2.0175026 1.8235631 1.8429989 0.0394740 0.0352516 0.0000000 1.2798091 2.0679521 2.1882198 2.2045627 2.1742190 2.2544024 2.1411019 2.2342008 2.2107474 2.1852178 2.2089870 2.1791195 2.5755072 2.3057528 2.7757882 6.7311258 1.9251684 1.8344189 1.8797484 2.0733616 1.8447297 1.9001112 2.0735211 2.0184128 2.3718461 2.3499156 1.5621561 1.4087144 1.2994248 1.7326018 0.9131071 1.2395875 2.0474007 2.0790404 2.0026165 1.8009571 1.8684623 2.1522062 2.0694641 2.3086945 2.2743259 2.0090446 1.3896397 
D.citri-KAI5742064.1         2.5783351 1.7757082 1.9627902 2.3949131 1.8001196 1.9627902 1.9877375 1.7184461 2.0499677 2.1055106 1.8834935 1.3787315 1.3843859 1.2798091 0.0000000 2.2690411 2.3500727 2.3759120 2.2833012 2.4247355 2.2332937 2.2976235 2.2870364 2.4205188 2.2992090 2.2545433 2.1655495 2.2442218 2.3160682 6.8803634 2.0570953 2.1098086 2.0787106 2.3104809 2.0611976 2.1619546 2.3183088 2.1709826 2.2794812 2.2947646 1.6520573 1.4554241 0.0118966 1.8693211 1.0646026 1.5455276 2.1099768 2.2369406 2.0038001 2.1983714 2.1922499 2.4934898 2.3695020 2.6612882 2.6665731 2.2129039 1.4778622 
D.kikuchii-KAJ0181768.1      3.1428695 2.2619414 2.8456025 2.5647858 2.2871910 2.8456025 2.8713891 2.1587566 2.5102149 2.2757338 2.3867374 2.0676494 2.0715325 2.0679521 2.2690411 0.0000000 0.2589463 0.2504336 0.2015533 0.3371155 0.2889835 0.2953411 0.3011938 0.3504158 0.3108281 0.2939065 2.7323394 3.2407045 2.8349279 5.8889188 1.1652466 1.0291614 1.0398554 1.1199676 1.0506919 1.0413677 1.1138109 1.1029431 2.8749139 2.8261711 2.0241413 1.7486618 2.2469660 2.4193191 1.9872079 2.4839626 1.2093168 3.1033335 1.4154918 2.1872541 2.4245182 2.6764289 2.6517082 3.0080474 2.8625639 2.4180928 1.5946351 
S.littoralis-CAB3515165.1    3.0278630 2.2565650 2.6980948 2.6728965 2.2818510 2.6980948 2.7222585 2.2744933 2.4933230 2.3584361 2.4059705 2.1651552 2.1673342 2.1882198 2.3500727 0.2589463 0.0000000 0.0129661 0.0366400 0.2375384 0.2821145 0.2090913 0.1361081 0.3390351 0.3306464 0.3084000 2.7833651 3.0799679 2.7968967 5.9219904 1.1527528 1.0153000 1.0439155 1.1396167 1.0618719 0.9959292 1.1382270 1.0989628 2.8328106 2.8067709 1.9474766 1.8259769 2.3561010 2.4450375 1.9841006 2.4257219 1.2137053 2.9287844 1.3909486 2.2628771 2.5466479 2.7282670 2.7179316 2.9777421 2.8395627 2.4475715 1.6911203 
S.exigua-CAH0700695.1        3.0355976 2.2336371 2.6068409 2.6868952 2.2587779 2.6068409 2.6309264 2.2716169 2.4685660 2.3577950 2.4268468 2.1811551 2.1833629 2.2045627 2.3759120 0.2504336 0.0129661 0.0000000 0.0267771 0.2386938 0.2908005 0.2114006 0.1383071 0.3480508 0.3373627 0.3221629 2.7648164 3.0568940 2.8014993 5.9293880 1.1638979 1.0245220 1.0520579 1.1242155 1.0701109 1.0135234 1.1228538 1.1102742 2.8663595 2.8401462 1.9695826 1.8385491 2.3825738 2.4499768 2.0065684 2.4327149 1.2099515 2.8353314 1.3981811 2.2425676 2.5266056 2.7136231 2.7308509 2.9591258 2.8534214 2.4604866 1.6993128 
S.exigua-KAF9414715.1        2.8567846 2.2627738 2.3070119 2.4911946 2.2885372 2.3070119 2.3331642 2.1770518 2.5042562 2.3185961 2.2316368 2.1792623 2.1815491 2.1742190 2.2833012 0.2015533 0.0366400 0.0267771 0.0000000 0.1946195 0.2689962 0.1959814 0.1596449 0.2855325 0.2852857 0.2873257 2.6575923 2.7097258 2.8018012 5.8837127 1.1334005 0.9739397 1.0118200 1.0959659 1.0302569 0.9810085 1.0945500 1.0799291 2.8010988 2.7730572 1.8968114 1.8249792 2.2878326 2.3235115 1.8582821 2.1310771 0.9832807 2.5509466 1.2996555 2.2033885 2.4502601 2.5637645 2.6923854 2.9054926 2.8370598 2.4396761 1.6993128 
A.plantaginis-CAB3231150.1   3.1152282 2.3831849 2.8662098 2.6009175 2.4098643 2.8662098 2.8923984 2.3788084 2.6028716 2.4898866 2.5404245 2.2691165 2.2714526 2.2544024 2.4247355 0.3371155 0.2375384 0.2386938 0.1946195 0.0000000 0.3629724 0.0394791 0.2842115 0.3905967 0.3632753 0.3699150 2.7414137 3.1648263 2.9585321 5.9397275 1.1665334 1.0833431 1.1133390 1.2167980 1.1268836 1.0942376 1.2254093 1.1582999 2.8523706 2.8332318 2.0602379 1.9482136 2.4221526 2.5537854 2.0936953 2.5809027 1.2451940 3.0877569 1.5395769 2.3571328 2.6002507 2.7613305 2.8166284 3.1756317 3.0420388 2.5742295 1.8956503 
B.ino-CAH0726637.1           2.8730979 2.3805244 2.3713786 2.5207778 2.4068387 2.3713786 2.3973662 2.2846714 2.6162946 2.3200504 2.2997769 2.1753106 2.1761681 2.1411019 2.2332937 0.2889835 0.2821145 0.2908005 0.2689962 0.3629724 0.0000000 0.2876520 0.3820746 0.2849013 0.2853106 0.2145931 2.8203570 3.0725859 2.8580545 5.6672713 1.1452800 1.0177937 1.0513073 1.0824001 1.0583302 1.0309895 1.0812338 1.0716739 2.9767359 2.9883249 1.9266926 1.7710290 2.2383467 2.4066142 2.0126925 2.3082785 1.2367816 2.6019962 1.3966772 2.1605425 2.4591026 2.6075752 2.6338970 2.8980138 2.7608053 2.3896732 1.7105722 
A.plantaginis-CAB3231151.1   2.9709578 2.4438328 2.4238952 2.5328231 2.4711565 2.4238952 2.4507587 2.3227455 2.6700747 2.4708244 2.4456134 2.2603184 2.2626471 2.2342008 2.2976235 0.2953411 0.2090913 0.2114006 0.1959814 0.0394791 0.2876520 0.0000000 0.2749753 0.3764553 0.3764845 0.2910475 2.7626197 2.9607895 2.9593603 5.7821803 1.1389485 1.0591455 1.1073433 1.1927008 1.1184975 1.0713556 1.2014271 1.1437705 2.7765948 2.7878690 2.0642904 1.9410511 2.2925121 2.4739494 2.0128388 2.3981547 1.2506609 2.6438184 1.5054861 2.2680989 2.5621398 2.7241885 2.7560866 3.0261606 2.9672017 2.5742295 1.8956503 
H.armigera-PZC78836.1        3.1311134 2.3207165 2.7123817 2.6864241 2.3466572 2.7123817 2.7374120 2.3055413 2.5584372 2.3901882 2.3780390 2.1843673 2.1933174 2.2107474 2.2870364 0.3011938 0.1361081 0.1383071 0.1596449 0.2842115 0.3820746 0.2749753 0.0000000 0.3902386 0.3815666 0.3927827 2.7946241 3.2495090 2.8184337 5.8962193 1.1761652 1.0691342 1.0896433 1.1670825 1.0968623 1.0763989 1.1804061 1.1442028 2.8641241 2.8381300 2.0311778 1.8608581 2.2846839 2.4664340 2.0179466 2.4813632 1.2826757 2.9464598 1.4760150 2.3636796 2.5816302 2.8198219 2.8054581 3.0822690 2.9426839 2.4959346 1.7121168 
I.podalirius-CAH2066547.1    3.1629015 2.3392178 2.9467858 2.5740001 2.3656093 2.9467858 2.9722823 2.2966275 2.5914010 2.3364981 2.4296515 2.1856389 2.2112062 2.1852178 2.4205188 0.3504158 0.3390351 0.3480508 0.2855325 0.3905967 0.2849013 0.3764553 0.3902386 0.0000000 0.0271506 0.0434625 2.9099975 3.2612185 2.9013757 5.7847002 1.2023443 1.0261691 1.0430445 1.1628629 1.0515064 1.0820854 1.1544039 1.0782188 2.9459175 2.9179985 2.0477425 1.7733974 2.3889130 2.6327855 2.1504812 2.8290136 1.2236961 3.1976417 1.5626136 2.2336333 2.4693548 2.6516011 2.6508050 2.9937651 2.8486233 2.4264609 1.7225547 
I.podalirius-CAH2066549.1    3.0595220 2.3913952 2.7245965 2.5709527 2.4182935 2.7245965 2.7516358 2.2199770 2.6494670 2.3290004 2.3453854 2.2125559 2.2384633 2.2089870 2.2992090 0.3108281 0.3306464 0.3373627 0.2852857 0.3632753 0.2853106 0.3764845 0.3815666 0.0271506 0.0000000 0.0439541 2.9470383 3.1328914 2.9689720 5.8035479 1.2042552 1.0257499 1.0444699 1.1748044 1.0553425 1.0799684 1.1662286 1.0812615 2.8823748 2.9912170 1.9944296 1.7804304 2.2674674 2.4907638 2.0261271 2.4516026 1.2265607 2.9876725 1.5495273 2.2531871 2.4911895 2.6135647 2.6560470 2.9877450 2.8418498 2.4264609 1.7225547 
I.podalirius-CAH2066551.1    3.0335727 2.3995761 2.3903693 2.5500505 2.4265449 2.3903693 2.4170707 2.1877699 2.6584968 2.3066337 2.2842158 2.1853147 2.2109814 2.1791195 2.2545433 0.2939065 0.3084000 0.3221629 0.2873257 0.3699150 0.2145931 0.2910475 0.3927827 0.0434625 0.0439541 0.0000000 2.9332482 3.1165456 2.9688452 5.7211602 1.2089172 1.0298295 1.0646638 1.1645130 1.0712278 1.0943387 1.1559119 1.0831362 2.8933456 2.9051177 1.9716771 1.7668450 2.2229589 2.4748035 2.0040463 2.3784644 1.2519478 2.6444171 1.5730380 2.1919508 2.4321912 2.6367638 2.6271889 2.9291911 2.7863782 2.4264609 1.7225547 
C.capitata-CAD6994394.1      0.5052290 2.2804404 2.2917152 3.0682609 2.3294550 2.2917152 2.3407873 2.2397215 2.7255989 2.4495376 2.2657289 2.5668458 2.5763395 2.5755072 2.1655495 2.7323394 2.7833651 2.7648164 2.6575923 2.7414137 2.8203570 2.7626197 2.7946241 2.9099975 2.9470383 2.9332482 0.0000000 0.5404037 0.5738670 6.8433637 2.7403916 2.8194879 2.8316403 2.8590158 2.8097583 2.7457951 2.8843457 2.9680093 0.8968066 0.8923903 2.0388510 2.2886564 2.2241424 2.4526484 2.3819705 2.6130082 3.1275739 2.7258831 2.7902092 2.8613335 2.8679109 2.9555812 3.1913656 2.9567735 3.0253222 2.9148006 1.8571314 
L.cuprina-KAI8130912.1       1.0345048 2.7259385 3.2805615 3.0432979 2.8127115 3.2805615 3.3598627 2.2980920 3.1571367 2.8671516 2.6177478 2.3601909 2.3848325 2.3057528 2.2442218 3.2407045 3.0799679 3.0568940 2.7097258 3.1648263 3.0725859 2.9607895 3.2495090 3.2612185 3.1328914 3.1165456 0.5404037 0.0000000 0.6334348 7.7980539 2.9512958 3.1814539 3.1715002 3.4004455 3.1873284 3.0883945 3.3864269 3.3043578 1.0833968 1.0568089 2.1225685 2.0737351 2.2665351 2.4273705 2.4939899 2.8180217 3.2654707 3.6940426 2.9125679 2.8025214 2.7782777 3.2271935 3.3070766 3.2882104 3.1014563 2.6904803 1.8671656 
G.fuscipes-KAI9577037.1      0.7075969 2.6104909 2.7113761 3.0330003 2.6361401 2.7113761 2.7354697 2.4103379 3.0461014 2.6370695 2.5489501 2.7609608 2.7801871 2.7757882 2.3160682 2.8349279 2.7968967 2.8014993 2.8018012 2.9585321 2.8580545 2.9593603 2.8184337 2.9013757 2.9689720 2.9688452 0.5738670 0.6334348 0.0000000 6.7809054 2.8148466 2.9945053 2.9312663 2.9385458 2.9070355 2.8161392 2.9592119 2.9617622 1.0251785 0.9945692 2.1421497 2.2837308 2.3348334 2.6068596 2.5112315 2.7858330 2.8316764 3.1392709 2.7011055 3.0467523 2.8802676 3.3585993 3.3918100 3.3006166 3.2795526 2.9494548 1.8741953 
A.compressa-KAG7188111.1     7.1334460 6.2163848 6.1978251 8.7090685 6.1818190 6.1978251 6.1645538 7.5538215 6.7061645 6.9768617 6.3118042 6.6437981 6.6979955 6.7311258 6.8803634 5.8889188 5.9219904 5.9293880 5.8837127 5.9397275 5.6672713 5.7821803 5.8962193 5.7847002 5.8035479 5.7211602 6.8433637 7.7980539 6.7809054 0.0000000 7.3829272 5.8811266 5.9610650 6.0498394 5.9561961 6.1192781 6.0957837 6.0929431 7.4716802 7.0773063 5.9552556 5.3011743 6.8001946 7.7153358 6.7860353 6.7057975 7.0877035 6.5968516 6.8182754 6.8705363 6.4941381 8.0728878 7.8916863 8.9999990 8.8918234 8.0200360 5.4002949 
L.yunnana-KAF5289025.1       3.0591669 2.2501413 2.3109902 2.5539528 2.2681569 2.3109902 2.3292766 2.0643054 2.4295054 2.3199860 2.1443676 1.9154318 1.9184534 1.9251684 2.0570953 1.1652466 1.1527528 1.1638979 1.1334005 1.1665334 1.1452800 1.1389485 1.1761652 1.2023443 1.2042552 1.2089172 2.7403916 2.9512958 2.8148466 7.3829272 0.0000000 0.8092176 0.8317524 0.9674030 0.8266460 0.8413074 0.9721412 0.9489726 2.7817307 2.7765927 1.8605205 1.7350633 2.0223631 2.2181509 1.8722759 2.2395890 0.9396409 2.4861146 1.2940542 2.1900634 2.4068913 2.5546491 2.6122746 2.9874792 3.0160127 2.5645306 1.5717749 
T.longispinosus-TGZ49087.1   3.1295823 2.2116840 2.2765891 2.3742448 2.2408198 2.2765891 2.3061836 1.8119494 2.4513628 2.1995444 1.9834721 1.7847822 1.7991996 1.8344189 2.1098086 1.0291614 1.0153000 1.0245220 0.9739397 1.0833431 1.0177937 1.0591455 1.0691342 1.0261691 1.0257499 1.0298295 2.8194879 3.1814539 2.9945053 5.8811266 0.8092176 0.0000000 0.0824190 0.3959571 0.0738196 0.1131425 0.3896142 0.1354346 2.8406112 2.8421516 1.6883735 1.5678083 2.1391883 2.2343264 1.8010848 2.0693073 0.2778326 2.5193368 1.2362937 2.0779469 2.2619780 2.4948875 2.5270399 2.8378886 2.8723014 2.4344953 1.4186034 
E.burchellii-KAH0956584.1    3.0954633 2.2906162 2.3780799 2.4490964 2.3202928 2.3780799 2.4084258 1.9721147 2.5188354 2.2531642 2.0570966 1.8318561 1.8465536 1.8797484 2.0787106 1.0398554 1.0439155 1.0520579 1.0118200 1.1133390 1.0513073 1.1073433 1.0896433 1.0430445 1.0444699 1.0646638 2.8316403 3.1715002 2.9312663 5.9610650 0.8317524 0.0824190 0.0000000 0.4054031 0.0339361 0.1212899 0.3989928 0.1739690 2.7191878 2.7449478 1.7184242 1.6283961 2.1095484 2.2593714 1.8194080 2.0376437 0.2832960 2.6112182 1.2734577 2.1520026 2.3289052 2.5951315 2.6486703 2.9274109 2.9174576 2.4862247 1.4897911 
C.glomerata-KAH0554196.1     3.2594266 2.3209696 2.3490363 2.3105048 2.3475236 2.3490363 2.3756120 2.1223776 2.5767622 2.4405399 2.2365303 2.0010733 2.0157148 2.0733616 2.3104809 1.1199676 1.1396167 1.1242155 1.0959659 1.2167980 1.0824001 1.1927008 1.1670825 1.1628629 1.1748044 1.1645130 2.8590158 3.4004455 2.9385458 6.0498394 0.9674030 0.3959571 0.4054031 0.0000000 0.3921516 0.3816457 0.0167226 0.4613365 2.9496265 2.9192310 1.8967584 1.8094182 2.3681854 2.4408133 1.9550288 2.3129047 0.4655530 2.5979850 1.3395596 2.2725757 2.2682730 2.6634926 2.6421311 3.0992436 2.9945711 2.6409025 1.5459737 
O.biroi-EZA57806.1           3.1317438 2.2764076 2.3638741 2.4282305 2.3058436 2.3638741 2.3939815 1.9629917 2.5151639 2.2224080 2.0316285 1.7936656 1.8081213 1.8447297 2.0611976 1.0506919 1.0618719 1.0701109 1.0302569 1.1268836 1.0583302 1.1184975 1.0968623 1.0515064 1.0553425 1.0712278 2.8097583 3.1873284 2.9070355 5.9561961 0.8266460 0.0738196 0.0339361 0.3921516 0.0000000 0.1263479 0.3910357 0.1636475 2.7518651 2.7791844 1.6872052 1.6146813 2.0929382 2.2337320 1.8405942 1.9992267 0.2733599 2.6079044 1.2669210 2.1251710 2.2888770 2.5928869 2.6383176 2.9860783 2.9478615 2.5217095 1.4469531 
A.compressa-KAG7201324.1     2.9739215 2.2588194 2.3424196 2.2760448 2.2882569 2.3424196 2.3724884 1.9251886 2.5426658 2.2238939 2.0089000 1.8493292 1.8642075 1.9001112 2.1619546 1.0413677 0.9959292 1.0135234 0.9810085 1.0942376 1.0309895 1.0713556 1.0763989 1.0820854 1.0799684 1.0943387 2.7457951 3.0883945 2.8161392 6.1192781 0.8413074 0.1131425 0.1212899 0.3816457 0.1263479 0.0000000 0.3753162 0.2017637 2.7075883 2.7466933 1.7261056 1.6443902 2.1718733 2.3685600 1.7867592 2.0960295 0.2438780 2.6322263 1.2769851 2.1383060 2.2650274 2.5022249 2.5712586 2.7999488 2.8873225 2.4354725 1.4566868 
C.congregata-CAG5095999.1    3.2816689 2.3266396 2.3501105 2.3570296 2.3532691 2.3501105 2.3767103 2.1382906 2.5833111 2.4043405 2.2352600 2.0224817 2.0259234 2.0735211 2.3183088 1.1138109 1.1382270 1.1228538 1.0945500 1.2254093 1.0812338 1.2014271 1.1804061 1.1544039 1.1662286 1.1559119 2.8843457 3.3864269 2.9592119 6.0957837 0.9721412 0.3896142 0.3989928 0.0167226 0.3910357 0.3753162 0.0000000 0.4636854 2.9695224 2.9389069 1.8718154 1.7994392 2.3761211 2.4766332 1.9617226 2.3366884 0.4652651 2.5993012 1.3782366 2.2436091 2.2804634 2.6622926 2.6306850 3.0946832 3.0204303 2.6549354 1.5330949 
A.echinatior-EGI63990.1      3.2756437 2.4399796 2.5345457 2.3979608 2.4713587 2.5345457 2.5666478 2.0332890 2.7136734 2.2957908 2.1769193 1.9599633 1.9757505 2.0184128 2.1709826 1.1029431 1.0989628 1.1102742 1.0799291 1.1582999 1.0716739 1.1437705 1.1442028 1.0782188 1.0812615 1.0831362 2.9680093 3.3043578 2.9617622 6.0929431 0.9489726 0.1354346 0.1739690 0.4613365 0.1636475 0.2017637 0.4636854 0.0000000 3.0036961 3.0219379 1.8218008 1.6361995 2.1988785 2.4258218 1.8749837 2.1639669 0.3659400 2.8040372 1.3000002 2.1502602 2.3533404 2.5706208 2.6936429 3.0295179 3.0270019 2.5948107 1.5010926 
P.vanderplanki-KAG5673013.1  1.2048149 2.4643089 2.6300399 2.9322880 2.5168860 2.6300399 2.6815845 2.2673646 2.8678931 2.6087825 2.6752054 2.3672590 2.3843526 2.3718461 2.2794812 2.8749139 2.8328106 2.8663595 2.8010988 2.8523706 2.9767359 2.7765948 2.8641241 2.9459175 2.8823748 2.8933456 0.8968066 1.0833968 1.0251785 7.4716802 2.7817307 2.8406112 2.7191878 2.9496265 2.7518651 2.7075883 2.9695224 3.0036961 0.0000000 0.0142715 2.1864478 2.1722146 2.3034633 2.3288522 2.1748198 2.8173368 2.7499755 3.0196792 2.7594445 3.0749007 2.7916799 2.9904903 3.0591313 3.1303133 3.1220260 2.8725409 1.9809532 
P.vanderplanki-KAG5673012.1  1.1746623 2.4281776 2.5923983 2.9544988 2.4802417 2.5923983 2.6439675 2.2389440 2.8256362 2.6137940 2.6060298 2.3227146 2.3395109 2.3499156 2.2947646 2.8261711 2.8067709 2.8401462 2.7730572 2.8332318 2.9883249 2.7878690 2.8381300 2.9179985 2.9912170 2.9051177 0.8923903 1.0568089 0.9945692 7.0773063 2.7765927 2.8421516 2.7449478 2.9192310 2.7791844 2.7466933 2.9389069 3.0219379 0.0142715 0.0000000 2.1575083 2.1675855 2.3192511 2.3623018 2.1800300 2.8139030 2.7732431 2.9805001 2.7239804 2.9964819 2.7861194 3.0214395 3.1200791 3.0991906 3.1151982 2.8725409 1.9809532 
E.danica-KAF4525946.1        2.2383026 1.4655367 1.5742063 2.1586828 1.4752445 1.5742063 1.5836749 1.4246062 1.7305091 1.6655447 1.4711130 1.5566440 1.5562304 1.5621561 1.6520573 2.0241413 1.9474766 1.9695826 1.8968114 2.0602379 1.9266926 2.0642904 2.0311778 2.0477425 1.9944296 1.9716771 2.0388510 2.1225685 2.1421497 5.9552556 1.8605205 1.6883735 1.7184242 1.8967584 1.6872052 1.7261056 1.8718154 1.8218008 2.1864478 2.1575083 0.0000000 0.7094066 1.6445749 1.5680997 1.4405407 1.6614483 1.7459426 1.8385386 1.8710338 1.8495590 1.7840099 2.2665191 2.2783557 2.3825954 2.3522698 2.0161656 1.1372631 
C.dipterum-CAB3359964.1      2.2456740 1.3727881 1.3749796 2.0350896 1.3950019 1.3749796 1.3972467 1.3210512 1.6101221 1.5526385 1.3395100 1.4069808 1.4126271 1.4087144 1.4554241 1.7486618 1.8259769 1.8385491 1.8249792 1.9482136 1.7710290 1.9410511 1.8608581 1.7733974 1.7804304 1.7668450 2.2886564 2.0737351 2.2837308 5.3011743 1.7350633 1.5678083 1.6283961 1.8094182 1.6146813 1.6443902 1.7994392 1.6361995 2.1722146 2.1675855 0.7094066 0.0000000 1.4594472 1.4190025 1.3427229 1.3592535 1.6708648 1.6052623 1.7878732 1.7181303 1.8697395 2.1161514 2.0908169 2.3453509 2.2506629 2.1891952 1.2570317 
D.citri-KAI5704627.1         2.6207872 1.7508907 1.9406137 2.3297036 1.7755232 1.9406137 1.9658002 1.7437826 2.0338577 2.0503374 1.8954845 1.4009380 1.4067782 1.2994248 0.0118966 2.2469660 2.3561010 2.3825738 2.2878326 2.4221526 2.2383467 2.2925121 2.2846839 2.3889130 2.2674674 2.2229589 2.2241424 2.2665351 2.3348334 6.8001946 2.0223631 2.1391883 2.1095484 2.3681854 2.0929382 2.1718733 2.3761211 2.1988785 2.3034633 2.3192511 1.6445749 1.4594472 0.0000000 1.8533709 1.1071383 1.6155312 2.1101691 2.2240634 2.0365831 2.1608589 2.1593993 2.4779063 2.3381928 2.6700798 2.6753493 2.1987323 1.4710963 
M.usitatus-KAJ1530432.1      2.5338007 1.9260296 2.1622873 2.6448372 1.9547760 2.1622873 2.1922883 1.8054464 2.1978871 1.8651220 2.0578200 1.8037208 1.8054381 1.7326018 1.8693211 2.4193191 2.4450375 2.4499768 2.3235115 2.5537854 2.4066142 2.4739494 2.4664340 2.6327855 2.4907638 2.4748035 2.4526484 2.4273705 2.6068596 7.7153358 2.2181509 2.2343264 2.2593714 2.4408133 2.2337320 2.3685600 2.4766332 2.4258218 2.3288522 2.3623018 1.5680997 1.4190025 1.8533709 0.0000000 1.6825407 2.0548676 2.4144134 2.4407194 2.3018300 1.9909173 2.1150501 2.5141366 2.3750197 2.6723308 2.7013942 2.3475646 1.2680442 
N.viridula-CAH1388393.1      2.4375768 1.7322884 1.9478084 2.1989863 1.7501421 1.9478084 1.9661391 1.7484231 1.9601723 1.7276045 1.7300092 0.9236543 0.9294018 0.9131071 1.0646026 1.9872079 1.9841006 2.0065684 1.8582821 2.0936953 2.0126925 2.0128388 2.0179466 2.1504812 2.0261271 2.0040463 2.3819705 2.4939899 2.5112315 6.7860353 1.8722759 1.8010848 1.8194080 1.9550288 1.8405942 1.7867592 1.9617226 1.8749837 2.1748198 2.1800300 1.4405407 1.3427229 1.1071383 1.6825407 0.0000000 0.9082882 1.9231222 2.1817517 2.0422716 1.7713326 2.0569112 2.0801357 2.0175675 2.1579540 2.1164906 1.9782828 1.4040330 
A.lucorum-KAF6215493.1       2.8579614 1.9439027 2.6121697 2.5353468 1.9623792 2.6121697 2.6292558 1.9678987 2.2561082 2.0171818 2.0569340 1.3225274 1.3289361 1.2395875 1.5455276 2.4839626 2.4257219 2.4327149 2.1310771 2.5809027 2.3082785 2.3981547 2.4813632 2.8290136 2.4516026 2.3784644 2.6130082 2.8180217 2.7858330 6.7057975 2.2395890 2.0693073 2.0376437 2.3129047 1.9992267 2.0960295 2.3366884 2.1639669 2.8173368 2.8139030 1.6614483 1.3592535 1.6155312 2.0548676 0.9082882 0.0000000 2.2660731 2.9274370 2.1237765 2.1012043 2.2883162 2.5122693 2.3591193 2.5045530 2.4391852 2.0720720 1.6456354 
V.vulgaris-KAF7383363.1      3.2291196 2.2696885 2.3377911 2.6048166 2.2991837 2.3377911 2.3677638 2.0244384 2.5204717 2.1684612 2.0770941 2.0050987 2.0255608 2.0474007 2.1099768 1.2093168 1.2137053 1.2099515 0.9832807 1.2451940 1.2367816 1.2506609 1.2826757 1.2236961 1.2265607 1.2519478 3.1275739 3.2654707 2.8316764 7.0877035 0.9396409 0.2778326 0.2832960 0.4655530 0.2733599 0.2438780 0.4652651 0.3659400 2.7499755 2.7732431 1.7459426 1.6708648 2.1101691 2.4144134 1.9231222 2.2660731 0.0000000 2.5863343 1.5000092 2.0322248 2.3872388 2.4615282 2.6134531 2.8126522 2.7939157 2.3367500 1.4659157 
N.striatum-KAG1694102.1      3.6905724 0.1067689 0.0385180 2.0902071 0.1074022 0.0382402 0.0393596 1.4386742 0.0214612 2.0229580 1.8947085 2.1503931 2.1428901 2.0790404 2.2369406 3.1033335 2.9287844 2.8353314 2.5509466 3.0877569 2.6019962 2.6438184 2.9464598 3.1976417 2.9876725 2.6444171 2.7258831 3.6940426 3.1392709 6.5968516 2.4861146 2.5193368 2.6112182 2.5979850 2.6079044 2.6322263 2.5993012 2.8040372 3.0196792 2.9805001 1.8385386 1.6052623 2.2240634 2.4407194 2.1817517 2.9274370 2.5863343 0.0000000 2.5688942 1.9925023 1.8776083 2.4064024 2.0700890 2.6411458 2.5918039 2.1153947 1.2970365 
C.dipterum-CAB3360254.1      2.8724814 2.2814764 2.3180625 2.6310976 2.3091667 2.3180625 2.3457496 2.3398718 2.5377044 2.2408450 2.1920074 1.9997673 2.0022934 2.0026165 2.0038001 1.4154918 1.3909486 1.3981811 1.2996555 1.5395769 1.3966772 1.5054861 1.4760150 1.5626136 1.5495273 1.5730380 2.7902092 2.9125679 2.7011055 6.8182754 1.2940542 1.2362937 1.2734577 1.3395596 1.2669210 1.2769851 1.3782366 1.3000002 2.7594445 2.7239804 1.8710338 1.7878732 2.0365831 2.3018300 2.0422716 2.1237765 1.5000092 2.5688942 0.0000000 2.2172637 2.3124061 2.6320462 2.7553458 2.8711310 2.8610037 2.5231160 1.6380759 
NHA1_prot_size_637_strand__  2.8583712 1.6124679 1.7539490 2.4458787 1.6286499 1.7539490 1.7706777 1.4513306 1.8488569 1.4046317 1.7468542 1.7992746 1.7986084 1.8009571 2.1983714 2.1872541 2.2628771 2.2425676 2.2033885 2.3571328 2.1605425 2.2680989 2.3636796 2.2336333 2.2531871 2.1919508 2.8613335 2.8025214 3.0467523 6.8705363 2.1900634 2.0779469 2.1520026 2.2725757 2.1251710 2.1383060 2.2436091 2.1502602 3.0749007 2.9964819 1.8495590 1.7181303 2.1608589 1.9909173 1.7713326 2.1012043 2.0322248 1.9925023 2.2172637 0.0000000 0.5355978 0.9559522 0.9364996 1.2163278 1.1122892 1.0936136 0.9816493 
NHA2_prot_size_656_strand__  2.7726236 1.6803930 1.6655139 2.8061483 1.6973690 1.6655139 1.6823472 1.6169488 1.9035849 1.4606169 1.6651648 1.8538590 1.8637271 1.8684623 2.1922499 2.4245182 2.5466479 2.5266056 2.4502601 2.6002507 2.4591026 2.5621398 2.5816302 2.4693548 2.4911895 2.4321912 2.8679109 2.7782777 2.8802676 6.4941381 2.4068913 2.2619780 2.3289052 2.2682730 2.2888770 2.2650274 2.2804634 2.3533404 2.7916799 2.7861194 1.7840099 1.8697395 2.1593993 2.1150501 2.0569112 2.2883162 2.3872388 1.8776083 2.3124061 0.5355978 0.0000000 1.1422435 1.0120662 1.3259408 1.2683090 1.2731226 1.0336506 
NHA3_prot_size_1204_strand__ 3.1340239 1.9303332 2.1530978 2.6656051 1.9379508 2.1530978 2.1613921 1.9898226 2.1763937 1.9058405 2.2183802 2.1278657 2.1390052 2.1522062 2.4934898 2.6764289 2.7282670 2.7136231 2.5637645 2.7613305 2.6075752 2.7241885 2.8198219 2.6516011 2.6135647 2.6367638 2.9555812 3.2271935 3.3585993 8.0728878 2.5546491 2.4948875 2.5951315 2.6634926 2.5928869 2.5022249 2.6622926 2.5706208 2.9904903 3.0214395 2.2665191 2.1161514 2.4779063 2.5141366 2.0801357 2.5122693 2.4615282 2.4064024 2.6320462 0.9559522 1.1422435 0.0000000 0.7352578 0.8332594 0.8051717 0.6780816 1.3822235 
NHA4_prot_size_786_strand__  3.0451012 1.8006773 1.8241040 2.7214681 1.8079668 1.8241040 1.8313436 1.8058228 2.0588233 1.7627717 1.9454524 2.0695436 2.0739745 2.0694641 2.3695020 2.6517082 2.7179316 2.7308509 2.6923854 2.8166284 2.6338970 2.7560866 2.8054581 2.6508050 2.6560470 2.6271889 3.1913656 3.3070766 3.3918100 7.8916863 2.6122746 2.5270399 2.6486703 2.6421311 2.6383176 2.5712586 2.6306850 2.6936429 3.0591313 3.1200791 2.2783557 2.0908169 2.3381928 2.3750197 2.0175675 2.3591193 2.6134531 2.0700890 2.7553458 0.9364996 1.0120662 0.7352578 0.0000000 0.8460477 0.7848109 0.6089751 1.3191251 
NHA5_prot_size_754_strand__  3.1272689 2.2036194 2.3573310 2.9561969 2.2234562 2.3573310 2.3770063 2.1854748 2.4990831 2.1416410 2.3552565 2.2249396 2.2398660 2.3086945 2.6612882 3.0080474 2.9777421 2.9591258 2.9054926 3.1756317 2.8980138 3.0261606 3.0822690 2.9937651 2.9877450 2.9291911 2.9567735 3.2882104 3.3006166 8.9999990 2.9874792 2.8378886 2.9274109 3.0992436 2.9860783 2.7999488 3.0946832 3.0295179 3.1303133 3.0991906 2.3825954 2.3453509 2.6700798 2.6723308 2.1579540 2.5045530 2.8126522 2.6411458 2.8711310 1.2163278 1.3259408 0.8332594 0.8460477 0.0000000 0.2362240 0.2120202 1.3822343 
NHA6_prot_size_708_strand__  3.2960073 2.2092250 2.3000305 2.8077293 2.2293544 2.3000305 2.3202801 2.1465954 2.5095670 2.1085058 2.3344462 2.2285511 2.2401653 2.2743259 2.6665731 2.8625639 2.8395627 2.8534214 2.8370598 3.0420388 2.7608053 2.9672017 2.9426839 2.8486233 2.8418498 2.7863782 3.0253222 3.1014563 3.2795526 8.8918234 3.0160127 2.8723014 2.9174576 2.9945711 2.9478615 2.8873225 3.0204303 3.0270019 3.1220260 3.1151982 2.3522698 2.2506629 2.6753493 2.7013942 2.1164906 2.4391852 2.7939157 2.5918039 2.8610037 1.1122892 1.2683090 0.8051717 0.7848109 0.2362240 0.0000000 0.2195512 1.3881951 
NHA7_prot_size_589_strand_-  2.7249280 1.8408365 1.8502992 2.5762297 1.8596742 1.8502992 1.8692175 1.9528268 2.1149991 1.7586304 1.7956225 1.9974972 2.0090446 2.0090446 2.2129039 2.4180928 2.4475715 2.4604866 2.4396761 2.5742295 2.3896732 2.5742295 2.4959346 2.4264609 2.4264609 2.4264609 2.9148006 2.6904803 2.9494548 8.0200360 2.5645306 2.4344953 2.4862247 2.6409025 2.5217095 2.4354725 2.6549354 2.5948107 2.8725409 2.8725409 2.0161656 2.1891952 2.1987323 2.3475646 1.9782828 2.0720720 2.3367500 2.1153947 2.5231160 1.0936136 1.2731226 0.6780816 0.6089751 0.2120202 0.2195512 0.0000000 1.3767021 
NHA8_prot_size_329_strand__  1.9693338 1.0023180 1.0066220 1.7436403 1.0260869 1.0066220 1.0304215 0.9699551 1.3007638 0.7134399 0.8373728 1.4031120 1.3896397 1.3896397 1.4778622 1.5946351 1.6911203 1.6993128 1.6993128 1.8956503 1.7105722 1.8956503 1.7121168 1.7225547 1.7225547 1.7225547 1.8571314 1.8671656 1.8741953 5.4002949 1.5717749 1.4186034 1.4897911 1.5459737 1.4469531 1.4566868 1.5330949 1.5010926 1.9809532 1.9809532 1.1372631 1.2570317 1.4710963 1.2680442 1.4040330 1.6456354 1.4659157 1.2970365 1.6380759 0.9816493 1.0336506 1.3822235 1.3191251 1.3822343 1.3881951 1.3767021 0.0000000 
