197
Cloeon-dipterum-emb|CAB3359964.1|         0.0000000 0.9966624 1.4109502 1.4707385 1.4707385 1.4838634 1.5242937 1.4977031 1.4977031 1.1605864 1.3818376 1.3683348 2.0073766 1.3569193 1.3569193 1.3569193 1.7245078 1.7245078 2.6104273 2.2835586 2.2835586 1.2677699 1.9297796 1.3498823 1.5843452 1.5843452 2.4572377 2.4572377 2.4323002 1.6247291 1.8225581 1.1621897 1.2718694 1.1016977 0.9772126 1.0897852 1.5246125 1.5099864 5.5905126 2.4587214 6.0920507 6.4521948 6.2844618 6.3300429 3.6536397 6.0553454 3.8972264 5.0678124 5.0069015 5.0247742 5.3317147 5.7874582 5.8491012 4.1936279 5.3815254 2.8366226 1.6364171 1.6364171 1.4346296 1.4346296 1.5800377 1.5618905 1.0520709 1.1546626 1.2128864 1.2128864 1.1670076 1.4209944 2.6084273 2.2437988 1.7264722 2.4350520 2.3982759 1.3360227 1.4601462 1.3449240 2.0216095 1.0645699 1.2301891 1.5687816 1.3308798 1.6641513 2.2933367 2.4505181 1.4181282 1.2667429 1.2922946 1.9000022 1.9431332 1.9174582 1.7661889 1.3753077 1.3826779 1.6840281 1.6710911 2.5657376 2.4790218 2.5286861 2.5814441 2.4406764 9.0000000 2.3351915 3.1379955 1.0527605 1.0414422 1.0414422 1.1300010 1.0429854 1.0316550 1.0316550 1.1115951 3.6090452 4.1514019 3.7855215 4.3658267 4.1561520 4.2366355 4.1531391 4.2390773 4.1529677 3.7535926 4.6537800 4.7231183 4.1623224 4.8911832 3.3555063 3.3555063 3.3555063 1.4427072 1.4992874 4.1310997 4.2278817 4.5828004 4.0271707 4.6409336 4.4283373 4.8020853 4.8140867 4.8640088 4.5075511 4.4208592 4.4591828 4.1096565 4.0685874 4.7078333 3.5434515 4.0643633 5.6188173 4.8876767 4.3435436 4.2132373 4.7465140 4.9633233 0.5960236 1.3632751 1.4495208 1.4602786 1.4602786 1.7171106 1.2991284 2.2939127 2.3094031 2.6522389 2.6691085 1.1878959 1.1005996 0.9881507 1.1633876 1.1909397 1.7079683 1.0915706 1.0959749 1.0959749 1.1065191 1.0865567 1.3847025 1.3847025 1.3941744 2.6311626 1.5645418 1.5753721 1.4768990 1.6217193 1.5457131 1.5734769 1.6890129 1.0177445 2.7775189 1.2776880 1.0593068 1.1243613 3.6388374 1.1015495 1.4962982 1.9648717 1.4150635 1.6659191 
Cloeon-dipterum-emb|CAB3362979.1|         0.9966624 0.0000000 1.7114184 1.8096036 1.8096036 1.8729379 1.6820766 1.8688607 1.8688607 1.4481359 1.5993702 1.7269462 1.9388657 1.6800596 1.6800596 1.6800596 1.8422403 1.8422403 3.6869699 2.5487930 2.5487930 1.6101488 2.1734434 1.5497029 1.8137543 1.8137543 2.7332280 2.7332280 2.6618469 1.7057960 2.1642125 1.5211724 1.7166897 1.5960790 1.4732821 1.5209221 1.7599951 1.6355851 5.5447580 2.5545203 6.8258494 7.2390157 5.9944136 7.9765932 4.6564957 7.5784239 4.2291874 6.5174548 6.3217983 4.6628937 4.9077061 6.4965126 6.5549893 4.9956135 5.7484195 3.0649846 2.0076202 2.0076202 1.6636833 1.6636833 1.9111347 1.6162627 1.4323682 1.5590859 1.5883733 1.5883733 1.5691533 1.6073016 2.4028444 2.3288090 1.9420747 2.6005538 2.5915475 1.5885015 1.9313036 1.2851156 2.1571479 0.8447256 1.6181784 1.9618027 1.6877227 1.8003786 2.5266064 2.7598846 1.8065089 1.6269096 1.6104809 2.1321807 2.1638857 2.1320291 2.0793485 1.5797308 1.5918393 1.8758394 1.8828727 2.7091144 2.5471079 2.6707756 2.7587742 2.5159788 9.0000000 2.4744748 3.4755040 1.5328827 1.5257820 1.5257820 1.6599607 1.4431450 1.4358978 1.4358978 1.5551971 9.0000000 4.1620717 3.8959097 4.3072665 4.3789250 4.4445636 4.4239875 4.4975009 4.4757638 3.9228516 4.5583392 4.2563990 4.8920142 4.9758134 3.6526685 3.6526685 3.6526685 1.6764892 1.6066287 4.4753229 4.6944481 4.9768714 4.3097370 5.0206291 4.9180092 5.4118061 5.3419740 5.5761077 5.1092215 4.3572246 4.5340622 4.8979828 4.4814289 5.2394936 3.7567708 4.2316789 6.2942144 5.0813420 4.3840078 5.3315741 5.3531985 5.5496561 1.2104943 1.6785639 1.7903442 1.6567890 1.6567890 1.8926162 1.9623552 2.4121423 2.4280802 2.7222942 2.7181277 1.5124524 1.5454798 1.1929393 1.5726302 1.4608914 1.9687268 1.3420187 1.3483736 1.3483736 1.4416134 1.4546231 1.6061938 1.6061938 1.6161886 2.2794962 1.8804485 1.7828270 1.6257283 1.8811123 2.0067339 1.6497105 1.8251502 1.5941460 3.6138151 1.6148503 1.5551244 1.4322779 4.0126551 1.4423120 1.6556455 2.0365820 1.5990113 1.7309589 
Cloeon-dipterum-emb|CAB3360254.1|         1.4109502 1.7114184 0.0000000 0.0000010 0.0000010 1.0981503 1.1040803 0.0255148 0.0255148 1.5592634 0.9788108 1.0170881 2.5316152 1.1414169 1.1414169 1.0997027 1.2127161 1.2400902 3.4248360 2.3264782 2.3125968 0.9337628 2.4455592 1.0008753 1.3012746 1.2700667 2.2943067 2.2857700 2.4109518 1.7578606 2.4270795 1.4224911 1.6418923 1.5323091 1.6375050 1.8130479 1.8427995 0.9235837 5.2710010 2.7705024 6.5439770 6.2709719 6.7894047 7.1633977 4.1874874 6.5958955 4.5402119 5.4363539 6.4941709 5.5611636 5.1383722 5.5864316 6.0047194 5.0100665 5.6552109 3.3892955 2.0181846 2.0128119 1.1962812 1.1962812 2.2410344 0.8875516 1.5343258 1.6434478 1.7561149 1.7798049 1.6422888 0.9790472 2.2876621 2.8205833 2.0249443 2.1561292 2.3806494 1.1028345 1.2848502 0.7976709 2.5133402 0.7146728 0.8958147 2.2468458 1.0203165 1.3162354 2.3474837 2.2415031 2.0153836 0.9587720 0.9755430 2.3037675 2.2597862 2.3296951 2.2910945 1.0161989 0.9918004 1.3668819 1.4560835 2.2638744 2.3619667 2.3278593 2.3411453 2.3520132 1.9728614 2.3415346 2.5966192 1.7689094 1.7502827 1.7502827 1.8797610 1.4910593 1.4719879 1.4719879 1.5834372 5.2015509 4.6051848 3.9412718 4.4429318 4.2710995 4.4934184 4.4089582 4.5012586 4.4138937 3.9534147 3.6241025 4.5355754 4.5242690 4.5636749 3.4880858 3.4880858 3.4880858 1.8866582 1.6504837 4.1782537 4.5176823 4.8775453 4.4066072 5.2563031 4.9024824 4.9563413 4.5085091 4.5543682 4.9115006 4.4884856 4.6897170 4.7954841 4.4843507 4.9991867 4.0152458 3.8603226 5.7355507 5.1385134 4.3442088 5.1707884 5.2974514 5.0113870 1.5427178 0.4879670 1.0552089 1.1029686 1.0771083 1.3623711 2.3528262 2.2649136 2.2823370 2.4837713 2.4713907 0.8148469 1.4927957 1.3717513 1.5773792 1.2060135 1.6234032 1.5740839 1.5756206 1.5090674 1.5405041 1.5401752 1.0002183 1.0002183 1.0015021 5.0434494 1.7819262 1.8164614 1.6788902 1.9439464 1.9826067 1.7952324 1.8981883 1.7092332 3.9193052 0.9490009 1.7443199 1.5983438 3.7043435 1.8018396 1.7923937 2.2655197 1.0204411 1.2674456 
Cloeon-dipterum-emb|CAB3360255.1|         1.4707385 1.8096036 0.0000010 0.0000000 0.0000010 1.1534504 1.0594774 0.0255148 0.0255148 1.5931804 1.0214911 1.0170881 2.6603104 1.1410639 1.1410639 1.0924763 1.2118177 1.2419702 2.7383135 2.1619229 2.1484338 0.9825569 2.5021561 1.0055109 1.2967969 1.2622045 2.2882622 2.2786354 2.4107630 1.7385631 2.4617880 1.4224911 1.6903605 1.5323091 1.6167407 1.8057077 1.9291079 0.9003441 5.4880193 2.8035303 6.5439770 6.2709719 6.7894047 7.1633977 4.3553789 6.5958955 4.7118935 5.4363539 6.4941709 5.8410914 5.5309110 5.5864316 5.8588439 5.1670459 5.6552109 3.2685307 2.0354730 2.0297103 1.1846097 1.1846097 2.1205232 0.8663544 1.5349748 1.7032349 1.8133992 1.8391484 1.7092856 0.9887877 2.2694741 2.8205833 1.8778161 2.1590597 2.3471711 1.0230303 1.2026332 0.8480797 2.5966272 0.7974715 0.9285666 2.2403665 1.0394059 1.2914711 2.3112335 2.2620827 2.0217666 0.9876315 1.0063928 2.3489056 2.3064297 2.3701196 2.3385921 1.0226759 0.9973658 1.3171527 1.4146195 2.2780321 2.3272515 2.3197528 2.3389255 2.2930724 2.0842547 2.2982289 2.5966192 1.8825319 1.8617334 1.8617334 2.0130183 1.5813099 1.5598560 1.5598560 1.6908090 5.2015509 4.3603288 4.0051675 4.5880813 4.2571513 4.4546112 4.3578699 4.4621693 4.3616188 3.6832155 3.6305298 4.7832390 4.7579746 4.5636749 3.4519523 3.4519523 3.4519523 1.8515356 1.6725531 4.3673834 4.7692260 4.7873788 4.6100212 5.1629117 4.9896197 4.8705968 4.5085091 4.6645034 4.9615296 4.5604026 4.9893920 4.8503069 4.7439237 5.3330585 4.0458089 4.0258042 5.7872239 5.0535682 4.4163439 5.1707884 5.2974514 5.0585946 1.6156440 0.4632393 1.1237905 1.1235099 1.0942109 1.3543485 2.3528262 2.2380338 2.2572295 2.4564980 2.4433433 0.8561472 1.4639304 1.3261743 1.5568408 1.2060135 1.6599684 1.5517920 1.5534410 1.4800839 1.5543092 1.5543068 0.9860441 0.9860441 0.9874906 3.5220968 1.6993609 1.7840445 1.6308477 1.9055895 1.9826067 1.8019993 1.8315897 1.7173939 3.9193052 0.9760690 1.7964238 1.6739121 3.8223301 1.7898410 1.8060228 2.2368015 1.0254264 1.2126360 
Cloeon-dipterum-emb|CAB3360256.1|         1.4707385 1.8096036 0.0000010 0.0000010 0.0000000 1.1534504 1.0594774 0.0255148 0.0237417 1.6300481 1.0373384 1.0390567 2.6533749 1.1677016 1.1677016 1.1208482 1.2118177 1.2419702 2.7383135 2.1619229 2.1484338 0.9995125 2.4898454 1.0329854 1.2967969 1.2622045 2.2882622 2.2786354 2.4107630 1.7590641 2.4500232 1.4224911 1.6903605 1.5323091 1.7116089 1.8748189 1.9291079 0.9249961 5.4880193 2.7874581 6.5439770 6.2709719 6.7894047 7.1633977 4.5429430 6.5958955 4.9064779 5.4363539 6.4941709 5.8410914 5.5309110 5.5864316 5.8588439 5.4205258 5.6930431 3.2855572 2.0632145 2.0575371 1.2040475 1.2040475 2.2251819 0.8663544 1.5536850 1.7032349 1.8133992 1.8391484 1.7092856 1.0047483 2.2694741 2.8424776 1.8778161 2.1590597 2.3471711 1.0435141 1.2373169 0.8480797 2.5829935 0.7974715 0.9458246 2.2301145 1.0653978 1.2914711 2.3112335 2.2620827 2.0269344 1.0063596 1.0247900 2.3382127 2.3064297 2.3586529 2.3270872 1.0496953 1.0246214 1.3171527 1.4146195 2.2780321 2.3272515 2.3197528 2.3389255 2.2930724 2.0842547 2.2982289 2.6403537 1.9328443 1.9122893 1.9122893 2.0642295 1.5813099 1.5598560 1.5598560 1.6908090 5.1580524 4.3603288 4.0051675 4.5880813 4.2571513 4.4546112 4.3578699 4.4621693 4.3616188 3.6832155 3.8175029 4.7074499 4.8331138 4.7026786 3.4664729 3.4664729 3.4664729 1.8515356 1.6725531 4.3673834 4.7692260 4.7873788 4.6100212 5.1629117 4.9896197 4.8705968 4.5085091 4.6645034 4.9615296 4.5604026 4.9893920 4.9070433 4.7439237 5.3330585 4.0458089 4.0258042 5.7872239 5.0535682 4.4163439 5.1707884 5.2974514 5.0585946 1.6156440 0.4793648 1.1237905 1.1512517 1.1232165 1.3543485 2.3528262 2.2380338 2.2572295 2.5410332 2.5276136 0.8826484 1.4639304 1.3261743 1.5568408 1.2060135 1.6599684 1.5852822 1.5869671 1.5112584 1.5783794 1.5789932 1.0063255 1.0063255 1.0077907 3.9052559 1.6993609 1.7840445 1.6308477 1.9055895 1.9826067 1.8019993 1.8463212 1.7661225 4.2448037 0.9927510 1.8351186 1.6739121 3.8223301 1.7898410 1.8861303 2.3690618 1.0527912 1.2126360 
Cloeon-dipterum-emb|CAB3364807.1|         1.4838634 1.8729379 1.0981503 1.1534504 1.1534504 0.0000000 0.3580577 1.2173053 1.2173053 1.6777670 1.3079702 1.4113597 2.2807345 1.3650817 1.3650817 1.3523577 1.4827832 1.4738598 3.1643941 2.4013048 2.4013048 1.2097449 2.4539259 1.2783508 1.5073217 1.5150337 2.3625751 2.3446648 2.4560234 2.0451265 2.3187656 1.3779263 1.7117250 1.6454736 1.7117193 1.7193258 1.8894304 1.3051967 5.1161045 2.8062579 6.2839226 6.6793852 5.9170569 6.6831645 4.2889783 6.5463894 4.5578852 5.5599788 6.2391165 5.0627807 4.4649022 5.4757602 5.3798940 4.8037794 6.0367394 3.4375393 2.0762341 2.0638797 1.4516027 1.4516027 2.1615092 1.2469267 1.5539372 1.5974925 1.6374128 1.6475108 1.5764285 1.3471437 2.2891234 3.2419948 2.0215297 2.3255107 2.5631302 1.2447626 1.6667416 1.0143628 2.4103650 0.7788879 1.2086258 2.2153687 1.3604652 1.4993972 2.4491234 2.4020959 2.0242295 1.2449240 1.2404973 2.4051924 2.4320770 2.3810637 2.3792033 1.3092833 1.3152809 1.5745375 1.5536355 2.3741539 2.5560856 2.4118186 2.4353400 2.5012087 2.2475571 2.5714112 3.5134632 2.0396926 2.0051152 2.0051152 2.2483802 1.7644322 1.7299344 1.7299344 1.9504143 5.5844130 4.0730417 3.7479378 4.1221374 4.3628421 3.8675715 3.7915739 3.8272348 3.7508067 3.9141637 4.0783669 4.0956228 4.7863553 4.7759865 3.4728050 3.4728050 3.4728050 2.1510798 1.8573849 3.8401343 4.1061708 4.3899752 4.0756247 4.5588911 4.6268777 4.6858440 4.7093941 4.1984185 4.3371379 4.4900570 4.1467717 4.2801334 3.9863479 4.7138365 3.5651394 3.5289751 4.7396157 4.7443986 3.7463835 4.5803412 5.7635568 5.2464605 1.6233523 1.0854438 0.5069720 1.3760306 1.3585993 1.5630795 2.0538603 2.4115906 2.4199445 2.5025266 2.4953048 1.2229170 1.4514974 1.2993721 1.7237111 1.3878647 1.6709875 1.8187910 1.8217430 1.7338854 1.8469431 1.8367671 1.2641827 1.2641827 1.2718656 4.3127368 1.7870214 1.8198081 1.7879113 2.1072194 2.3144163 1.9071262 1.9667144 1.6583746 3.9859149 1.2336246 1.7717803 1.7147062 3.9643103 1.8423730 1.8138971 2.1169415 1.3523711 1.3666140 
Cloeon-dipterum-emb|CAB3364808.1|         1.5242937 1.6820766 1.1040803 1.0594774 1.0594774 0.3580577 0.0000000 1.0606750 1.0606750 1.6213446 1.2482606 1.1817382 2.1516622 1.3134796 1.3134796 1.3134796 1.4841020 1.4841020 3.7230903 2.5255620 2.5255620 1.1651051 2.4534281 1.2743356 1.4682148 1.4682148 2.4313763 2.4313763 2.4645487 1.8496212 2.3859900 1.4053969 1.7851442 1.5826407 1.5311477 1.6899157 1.7424125 1.2367793 5.5318444 2.9106943 6.9869792 6.9730576 6.2806179 8.2169455 4.3895153 7.3563069 4.3102042 5.2809465 6.6374557 5.6573303 4.9611085 5.4492424 5.6131903 5.0888202 5.9287380 3.2322405 1.9935988 1.9935988 1.4589703 1.4589703 2.0179744 1.4087006 1.5223170 1.6261994 1.6048734 1.6048734 1.6350026 1.3467125 2.5047496 2.8045330 2.0065022 2.4034137 2.4046325 1.3021847 1.5622696 1.2500489 2.4174060 1.1566651 1.1548265 2.1476892 1.3217087 1.4882359 2.4221598 2.5666066 1.6951942 1.2212256 1.1902612 2.4541289 2.4658200 2.4576261 2.3469165 1.2676123 1.2804196 1.5161109 1.5339435 2.5168252 2.5063014 2.5382369 2.5811447 2.4760249 8.9999988 2.4492094 3.1833229 1.6772506 1.6427494 1.6427494 1.8201554 1.6980250 1.6630511 1.6630511 1.8527341 0.7662853 4.6066558 4.0421963 4.4110547 4.8648195 4.1454625 4.0804567 4.1194336 4.0536430 4.4299746 4.4017747 4.3547668 4.5347741 5.2384138 3.2608401 3.2608401 3.2608401 2.0177592 1.8902504 3.7016338 4.2758520 4.3790897 4.2263418 4.4175415 4.7898312 4.7179653 4.6172298 4.2951762 4.6380655 4.5911988 4.2221725 4.1789648 3.8894490 4.2386053 3.7009125 3.7573527 5.0973627 4.8721444 3.7163790 4.6960803 5.5624878 5.3121382 1.4483941 1.0761901 0.6377933 1.2854784 1.2854784 1.5610230 1.4152844 2.3964378 2.4061025 2.6138362 2.6061891 1.1791999 1.4790340 1.4033750 1.5872962 1.3351232 1.8455845 1.6926981 1.7049752 1.7049752 1.6142646 1.5990364 1.2812029 1.2812029 1.2832732 3.1419392 1.9724946 1.8616603 1.7471175 2.0458014 1.9030617 1.9338472 1.9162174 1.6550748 2.4045839 1.1977662 1.7007195 1.7386229 4.1429223 1.7447916 1.8027684 2.1553919 1.3309765 1.5175921 
Cloeon-dipterum-emb|CAB3360257.1|         1.4977031 1.8688607 0.0255148 0.0255148 0.0255148 1.2173053 1.0606750 0.0000000 0.0000010 1.6123123 1.0971445 1.0458797 2.7450795 1.1341318 1.1341318 1.0712985 1.2949361 1.3344637 4.3664209 2.4193892 2.4193892 1.0873233 2.4869056 0.9982112 1.4173458 1.3720632 2.3932087 2.3843689 2.5852443 1.7589382 2.4299647 1.3968911 1.7519249 1.5323091 1.5985887 1.9115327 2.0414589 0.9488485 5.5917268 3.0151547 6.6780832 6.1781199 6.5930988 7.0971090 4.4476539 6.4071341 5.3357533 5.3252355 6.4941709 5.6570591 5.6298835 5.5320059 5.6540318 5.4430889 5.6552109 3.5458585 2.1854386 2.1784472 1.2614364 1.2614364 2.2512629 0.9090763 1.5926132 1.7196751 1.8122988 1.8456166 1.7305147 1.0607655 2.2440555 2.8281042 1.8923467 2.2297680 2.5680494 1.1555957 1.1480884 1.3197115 2.6346079 9.0000000 1.0338730 2.1786847 1.0243978 1.3996091 2.4751639 2.3885802 2.0112939 1.0868521 1.1046510 2.3602885 2.2918684 2.3920210 2.3479970 1.0308752 0.9974729 1.4541427 1.5790254 2.3577498 2.5184732 2.4142823 2.3988710 2.4862855 1.9920874 2.3780754 2.4853181 2.0771227 2.0696973 2.0696973 2.0916757 1.6975284 1.6891177 1.6891177 1.7074708 5.2015509 4.4831319 3.7799886 4.4255724 4.1940005 4.4758724 4.3313851 4.4886907 4.3355431 4.4595251 3.9671103 5.0785605 4.6760796 5.1311348 3.4132907 3.4132907 3.4132907 1.5488599 1.7894127 4.3352401 5.0341225 4.8659558 5.0621093 5.1982412 5.2234467 5.0113033 4.8045852 4.6743859 4.9379592 5.0797000 4.5978972 4.8763284 4.4370118 4.9232407 3.6252123 3.8068195 6.0835650 5.4555307 5.7065527 4.6377053 5.8415849 5.5684244 1.7332171 0.5677643 1.1713442 1.1409001 1.1043914 1.5064369 2.3528262 2.4031973 2.4291142 2.5770964 2.5536702 0.9516970 1.5750887 1.3537278 1.7003735 1.1821642 2.8894824 1.6638009 1.6638009 1.5697016 1.7055809 1.7031401 1.1029704 1.1029704 1.1050511 4.4507096 1.7424002 1.8695230 1.7023952 1.9571267 1.9073701 1.9409996 1.8494010 1.7997852 4.0913322 1.0720593 1.8549395 1.6504832 4.3098276 1.9472638 1.9620193 2.4388539 1.0218613 1.3178429 
Cloeon-dipterum-emb|CAB3360258.1|         1.4977031 1.8688607 0.0255148 0.0255148 0.0237417 1.2173053 1.0606750 0.0000010 0.0000000 1.6598562 1.1165910 1.0678872 2.7351946 1.1678267 1.1678267 1.1078317 1.2949361 1.3344637 4.3664209 2.4193892 2.4193892 1.1076737 2.4715623 1.0333585 1.4173458 1.3720632 2.3932087 2.3843689 2.5852443 1.7857897 2.4155485 1.3968911 1.7519249 1.5323091 1.6971778 1.9985590 2.0414589 0.9805758 5.5917268 2.9927336 6.6780832 6.1781199 6.5930988 7.0971090 4.6844304 6.4071341 5.5911426 5.3252355 6.4941709 5.6570591 5.6298835 5.5320059 5.6540318 5.7390128 5.6930431 3.5692233 2.2215902 2.2147450 1.2856813 1.2856813 2.3803984 0.9090763 1.6161071 1.7196751 1.8122988 1.8456166 1.7305147 1.0809693 2.2440555 2.8517557 1.8923467 2.2297680 2.5680494 1.1805209 1.1859217 1.3197115 2.6167391 9.0000000 1.0547496 2.1662398 1.0568501 1.3996091 2.4751639 2.3885802 2.0174055 1.1097506 1.1271182 2.3464332 2.2918684 2.3772672 2.3327449 1.0647860 1.0317806 1.4541427 1.5790254 2.3577498 2.5184732 2.4142823 2.3988710 2.4862855 1.9920874 2.3780754 2.5364200 2.1377780 2.1305608 2.1305608 2.1528801 1.6975284 1.6891177 1.6891177 1.7074708 5.1580524 4.4831319 3.7799886 4.4255724 4.1940005 4.4758724 4.3313851 4.4886907 4.3355431 4.4595251 4.2070487 4.9756592 4.7696992 5.3000740 3.4328986 3.4328986 3.4328986 1.5488599 1.7894127 4.3352401 5.0341225 4.8659558 5.0621093 5.1982412 5.2234467 5.0113033 4.8045852 4.6743859 4.9379592 5.0797000 4.5978972 4.9453607 4.4370118 4.9232407 3.6252123 3.8068195 6.0835650 5.4555307 5.7065527 4.6377053 5.8415849 5.5684244 1.7332171 0.5875394 1.1713442 1.1757399 1.1412563 1.5064369 2.3528262 2.4031973 2.4291142 2.6842798 2.6604456 0.9858433 1.5750887 1.3537278 1.7003735 1.1821642 2.8894824 1.7072897 1.7072897 1.6105948 1.7377694 1.7364178 1.1292686 1.1292686 1.1313769 4.9156093 1.7424002 1.8695230 1.7023952 1.9571267 1.9073701 1.9409996 1.8689771 1.8638540 4.4460574 1.0922261 1.9058421 1.6504832 4.3098276 1.9472638 2.0681571 2.6076553 1.0563944 1.3178429 
Tigriopus-californicus-gb|TRY75264.1|     1.1605864 1.4481359 1.5592634 1.5931804 1.6300481 1.6777670 1.6213446 1.6123123 1.6598562 0.0000000 1.5916541 1.5986314 2.0622530 1.6882033 1.6882033 1.6238042 1.5695088 1.5695088 3.2968026 2.5921569 2.5921569 1.5094366 1.9717477 1.6355216 1.6018660 1.6018660 2.6498793 2.6298308 2.5438940 1.5001242 1.9624094 0.7353207 1.0535183 0.9957954 1.2409039 1.6319485 1.7429527 1.6881020 5.1976252 2.6860165 5.6491230 5.5177007 5.9179745 6.5184547 4.3088912 5.6739059 4.6614960 4.9547222 5.7855895 5.3300561 5.2091264 5.7457186 5.7292098 4.6576211 5.4143264 3.4904549 1.7998176 1.7882713 1.7458964 1.7458964 2.0249593 1.5184914 1.3221193 1.6254984 1.6013829 1.6422100 1.6395055 1.5221534 2.4928942 2.2508098 1.7554007 2.5157406 2.5580156 1.4890775 1.5745723 1.4006242 1.9004890 1.4561257 1.4998146 1.7538305 1.5715816 1.5565721 2.4090316 2.6952012 1.3000033 1.6015816 1.5649050 1.9785219 2.0004072 1.9908230 1.9567069 1.6361120 1.6329145 1.5905090 1.6172183 2.6294826 2.6123023 2.6463982 2.6834359 2.6400735 3.4269155 2.6155093 2.9635662 1.3004103 1.2841815 1.2841815 1.3949978 1.0247356 1.0078783 1.0078783 1.1053418 3.6117432 3.9480395 3.7300220 3.8103328 4.1938487 4.2468328 4.1250208 4.2538683 4.1280121 3.6861492 4.4399967 4.3290620 4.4798701 4.9770767 3.0964281 3.0964281 3.0964281 1.4071414 1.4430180 3.9827958 4.2599721 4.3209920 4.1703352 4.4286876 4.3520833 4.8808708 4.3530531 4.4620956 4.3046467 4.2268066 4.3840759 4.2897910 3.5984922 4.6723648 3.4718586 3.7087505 5.6983572 4.6792643 4.3009364 4.8991196 5.1549124 5.0991760 1.1217001 1.6460337 1.6547432 1.7320432 1.6842176 1.6047779 4.4223896 2.4698020 2.4903765 2.7086466 2.7142478 1.5233245 1.4493046 1.1385399 1.5168557 1.3747723 1.7461606 1.4224078 1.4210050 1.3703699 1.5298867 1.4834577 1.7424377 1.7424377 1.7403083 4.1230495 1.6647663 1.5923476 1.3756862 1.5608858 1.6441876 1.4857267 1.5960281 1.1249242 2.8724095 1.5630921 1.0694653 1.0183688 3.4279802 1.3392572 1.7159887 2.1722545 1.6532791 1.5613338 
Cotesia-congregata-emb|CAG5095999.1|      1.3818376 1.5993702 0.9788108 1.0214911 1.0373384 1.3079702 1.2482606 1.0971445 1.1165910 1.5916541 0.0000000 0.0144808 2.3830104 0.9488609 0.9488609 0.9101779 1.0265503 1.0559632 3.1318975 2.2172425 2.2172425 0.3124094 2.3364222 0.8633868 1.1349723 1.1037831 2.1924559 2.1529623 2.4121235 1.9007253 2.2439482 1.3029683 1.6203285 1.5668934 1.7117399 1.8378290 1.9210690 0.8899408 4.6389917 2.9280079 6.2394538 6.1084873 5.4205769 7.0649829 4.2465598 6.1319281 4.3753403 5.1927150 6.1026329 5.2067668 4.8380441 5.7085431 5.9726719 4.7392051 4.7768453 2.7627376 2.0036718 2.0134336 0.8530161 0.8530161 2.4149786 0.6414969 1.5195168 1.7557014 1.6397288 1.6524168 1.7933817 0.9274672 2.2261339 2.8946478 2.0655650 2.2250858 2.2939523 0.3931591 0.4577947 0.3686854 2.2244456 0.3447278 0.3299962 2.0472386 0.8800515 1.0793140 2.2144755 2.2150202 2.0036503 0.3837857 0.3734326 2.2585900 2.2209594 2.2429449 2.1606078 0.9035678 0.8973392 1.0993307 1.1596381 2.2197125 2.3187976 2.2708636 2.2553576 2.3030512 2.2556989 2.2814102 2.6993473 1.7911373 1.7738366 1.7738366 1.9228388 1.4861593 1.4676597 1.4676597 1.6016969 4.3399176 3.8788289 3.4856604 3.7061998 3.7974827 4.0859587 4.0349356 4.0922475 4.0396015 3.6564209 3.4169157 4.6016316 4.4416253 3.7597990 3.2318023 3.2318023 3.2318023 1.8345544 1.9013140 4.0859060 4.2633624 4.1536162 4.1354336 4.7583036 4.6863975 4.5847826 4.3930005 4.5688659 4.2799825 4.0647476 4.6781625 4.2200466 4.1109405 4.4690572 3.7271133 3.5692875 4.8233601 4.6659239 4.6563132 4.7528170 4.8516736 4.8934512 1.4883801 1.0671632 1.2690436 0.9898292 0.9503220 1.1244569 3.6413962 2.2091207 2.2260611 2.4405674 2.4443680 0.6367658 1.4838244 1.2328836 1.5553264 1.1747581 1.6968084 1.6572880 1.6597767 1.5832327 1.7199672 1.7351546 0.8678646 0.8678646 0.8660783 3.7552464 1.5937728 1.7949311 1.5620318 1.9242770 1.8996119 1.8785301 1.9063590 1.7313167 3.9094500 0.3273168 1.6373009 1.5857064 3.0430982 1.8834873 1.8906670 2.1996897 0.9316199 1.0065182 
Cotesia-typhae-gb|KAG8042441.1|           1.3683348 1.7269462 1.0170881 1.0170881 1.0390567 1.4113597 1.1817382 1.0458797 1.0678872 1.5986314 0.0144808 0.0000000 2.4811904 0.9830244 0.9830244 0.9249995 0.9984590 1.0432899 7.6079400 2.2386172 2.2386172 0.2760701 2.2041357 0.8663764 1.0883094 1.0411793 2.1882636 2.1266069 2.4068974 2.0016485 2.1756491 1.1718069 1.5357571 1.3796432 1.7523356 1.7988139 1.9645965 0.9028443 5.2865930 3.2246576 5.8661680 5.7804561 6.1373940 6.4119918 4.2977960 5.4092881 4.4416296 4.7736824 6.1613605 5.4047189 5.4855601 5.6455502 5.7755441 5.3297212 4.7439858 2.6976481 1.9807866 1.9949555 0.8025681 0.8025681 2.4165071 0.5747250 1.4743510 1.6358687 1.4962541 1.5178733 1.6744601 0.9445838 1.9124532 2.8312735 1.8410838 2.2545569 2.3881995 0.3062569 0.3707592 0.2201450 2.2639497 9.0000000 0.2918068 1.8954807 0.9166027 1.0369896 2.3077744 2.2077259 2.0941816 0.3350592 0.3285113 2.1697562 2.0965791 2.1473075 2.0416103 0.9517583 0.9486747 1.0630893 1.1681149 2.2038017 2.4146414 2.2326398 2.2509190 2.4142148 2.4518976 2.2991857 2.6246764 1.9257280 1.9004338 1.9004338 1.9261737 1.5325438 1.5041915 1.5041915 1.5276952 4.0939752 3.7926940 3.5297577 3.5835487 3.9323863 3.8708881 3.7832251 3.8703766 3.7779661 3.9435103 3.3832586 4.8426201 4.8187818 3.9111423 3.1814119 3.1814119 3.1814119 1.4545687 1.9060934 4.0475100 4.5570853 4.0220612 4.4321034 4.2616551 4.5585426 4.1619644 4.4619794 4.4560381 4.1680777 4.1042624 4.9088236 4.1482317 4.3507011 4.7431181 3.2656759 3.1977463 4.6295031 4.5561214 5.5823259 3.8393670 5.2328935 5.3932563 1.5861044 1.1949340 1.2919385 1.0766224 1.0183698 1.0868114 3.9911321 2.3579669 2.3865650 2.4366872 2.4394066 0.6338618 1.4987054 1.1290391 1.4980319 1.1119409 2.3969738 1.5615008 1.5615008 1.4418970 1.7240988 1.7458372 0.8733290 0.8733290 0.8733290 4.7046228 1.5060925 1.7028905 1.5166633 1.8377639 1.7770819 1.9176961 1.7942692 1.7793894 3.9655044 0.2832726 1.5723693 1.3703556 3.4168498 2.0351040 1.9165489 2.3248460 0.9832998 0.9305230 
Cotesia-congregata-emb|CAG5097411.1|      2.0073766 1.9388657 2.5316152 2.6603104 2.6533749 2.2807345 2.1516622 2.7450795 2.7351946 2.0622530 2.3830104 2.4811904 0.0000000 2.2187759 2.2187759 2.2166206 2.2432039 2.2765754 3.0592943 2.6760424 2.6760424 2.2696540 0.9319495 2.1978507 2.3252185 2.2951581 2.8746463 2.8543265 2.8084072 2.3760881 0.9452744 1.9492193 2.2277835 2.3166278 2.4150266 2.1758769 2.2749527 2.4732241 7.0299213 2.7295074 8.9954742 8.6362120 8.8303814 8.9999981 5.1534708 6.8170837 5.7761292 6.6219179 8.5226685 6.4649226 5.7346049 6.1353184 6.1175394 6.2730417 7.0274348 3.9533745 2.6419289 2.6505657 2.5956223 2.5956223 2.5449706 2.1358361 1.9132389 2.0537536 2.0859015 2.2178842 2.0723613 2.2414541 2.7250653 2.6498421 2.3674734 2.9591404 2.9012089 2.4008043 2.6343189 2.0797588 1.0044411 1.7543654 2.2573420 0.9259787 2.2667428 2.1609322 2.5880108 2.9414611 2.3211654 2.2875047 2.2511002 0.9366299 0.8802075 0.9426090 0.9894183 2.2145115 2.2030709 2.1952724 2.2985515 3.0106565 2.9089567 2.9552291 2.9619338 2.8469575 3.8812872 2.8940933 5.3501239 2.2033158 2.1886109 2.1886109 2.3336083 2.0064277 1.9902188 1.9902188 2.1075997 6.3046387 4.4339990 4.4235438 4.4862636 5.0372171 5.3739347 5.4876768 5.4407200 5.5600186 4.4339734 5.9729006 4.4581494 5.0977044 6.4264669 3.4359762 3.4359762 3.4359762 2.4144075 2.3304191 4.4896859 4.6059670 4.7802839 3.9304764 4.8048538 4.6375295 5.2625267 4.9069996 4.7348561 4.6741616 4.2984978 4.7439922 4.7433698 4.5636098 5.1233116 3.6430646 3.9181439 4.7876954 5.0879445 4.5283243 4.0629965 6.4881890 5.8908788 1.9711205 2.4969655 2.2818341 2.2497596 2.2151901 2.1943313 3.2471048 2.6889915 2.6966541 3.3669675 3.3756008 2.2438386 2.3040319 1.8117353 2.1714673 2.1653537 2.3176854 2.1068680 2.1162749 2.0156454 2.1626578 2.1467748 2.3589799 2.3589799 2.3724793 7.5365383 2.1728043 2.4834396 2.2177168 2.4410522 2.6964988 2.4631689 2.3896765 2.0656174 3.3216700 2.2662432 2.0786219 2.1088651 3.9311807 1.9338157 2.3220121 2.8478106 2.1738456 2.1575477 
Iphiclides-podalirius-emb|CAH2066547.1|   1.3569193 1.6800596 1.1414169 1.1410639 1.1677016 1.3650817 1.3134796 1.1341318 1.1678267 1.6882033 0.9488609 0.9830244 2.2187759 0.0000000 0.0157285 0.0337672 1.1798164 1.2016778 3.5566336 2.3073264 2.3013308 0.9174526 2.2088115 0.2232093 1.1266052 1.1064298 2.1707472 2.2125210 2.3361560 1.8866682 2.2286452 1.4469515 1.6299196 1.5803860 1.7059769 2.0636563 1.8658866 1.1274379 4.7225447 2.7905361 6.1986818 6.2027161 6.1806629 7.6860074 3.9934750 6.0655477 4.0036655 5.1454453 5.9066379 5.1491157 4.9015661 5.9076570 6.1582048 4.6498742 4.9657489 2.8798473 2.0082512 2.0120719 1.0535595 1.0535595 2.3206817 0.8237012 1.5583376 1.6862637 1.6953627 1.7244181 1.6302165 0.9976750 2.1671815 2.5993996 2.0180942 2.0869880 2.2965265 1.0032534 1.1275388 0.8045663 2.2403797 0.7817616 0.8511652 2.1442034 0.3006057 1.1914411 2.1853156 1.9779554 1.9673121 0.9082127 0.8969793 2.3044610 2.2421575 2.3154819 2.2828220 0.2938945 0.3056858 1.2030052 1.2657914 2.1011574 2.2152438 2.1211404 2.1488282 2.2377172 0.6382167 2.4819497 2.4876812 1.9869509 1.9694150 1.9694150 2.1349246 1.5877173 1.5684599 1.5684599 1.7114739 4.3324802 4.4541759 4.0937680 4.4040018 4.2754556 4.7020834 4.4776274 4.7223914 4.4891773 3.5012440 3.7222807 4.2559053 4.2273852 4.2879468 3.1350072 3.1350072 3.1350072 1.8005310 1.7872049 3.9334815 4.1862556 4.0031561 3.9404510 4.5019351 4.5068432 4.6311966 4.1939993 4.2624769 4.4647756 3.9036626 4.0457271 4.4144263 3.8349532 4.3923913 3.5828619 3.2559908 4.9655965 4.3192185 4.0790743 3.2696000 4.6795488 4.2500040 1.5103770 1.2374554 1.3230462 0.3366281 0.3012045 1.1990666 0.7707501 2.1867858 2.2068402 2.2690528 2.2815105 0.7474545 1.6120512 1.2852497 1.7022456 1.1638839 1.7699394 1.7270865 1.7434483 1.6996280 1.7973401 1.7688837 1.0655529 1.0655529 1.0637846 5.1547842 1.8860064 1.8580223 1.6827268 1.9673280 1.8807355 2.0188526 2.0114873 1.7514239 3.9294013 0.8942370 1.6472862 1.5740912 3.1444685 1.9146662 1.7818899 2.1910392 0.3557710 1.0968845 
Iphiclides-podalirius-emb|CAH2066549.1|   1.3569193 1.6800596 1.1414169 1.1410639 1.1677016 1.3650817 1.3134796 1.1341318 1.1678267 1.6882033 0.9488609 0.9830244 2.2187759 0.0157285 0.0000000 0.0355558 1.1798164 1.2016778 3.5566336 2.3073264 2.3013308 0.9174526 2.2088115 0.2257452 1.1266052 1.1064298 2.1707472 2.1964765 2.3361560 1.8866682 2.2286452 1.4469515 1.6299196 1.5803860 1.7059769 2.0360367 1.8658866 1.0752847 4.7225447 2.7905361 6.1986818 6.2027161 6.1806629 7.6860074 3.9934750 6.0655477 4.0036655 5.1454453 5.9066379 5.1491157 4.9015661 5.9076570 6.1582048 4.6498742 4.9657489 2.8798473 2.0082512 2.0120719 1.0535595 1.0535595 2.2907892 0.8237012 1.5583376 1.6862637 1.6953627 1.7244181 1.6302165 0.9959550 2.1671815 2.5993996 2.0180942 2.0869880 2.2965265 1.0032534 1.1275388 0.8045663 2.2403797 0.7817616 0.8511652 2.1442034 0.2674066 1.1914411 2.1853156 1.9779554 1.9673121 0.9082127 0.8969793 2.3044610 2.2421575 2.3154819 2.2828220 0.2703539 0.2805126 1.2030052 1.2657914 2.1030670 2.2152438 2.1231296 2.1488282 2.2377172 0.6023984 2.3788569 2.4876812 1.9636926 1.9458143 1.9458143 2.1136130 1.5877173 1.5684599 1.5684599 1.7114739 4.3725158 4.4541759 4.0937680 4.4040018 4.2754556 4.7020834 4.4776274 4.7223914 4.4891773 3.5012440 3.7222807 4.2559053 4.1870636 4.2879468 3.1350072 3.1350072 3.1350072 1.8005310 1.7872049 3.9334815 4.1862556 4.0031561 3.9404510 4.5019351 4.5068432 4.6311966 4.1939993 4.2624769 4.4647756 3.9036626 4.0457271 4.2833244 3.8349532 4.3923913 3.5828619 3.2559908 4.9655965 4.3192185 4.0790743 3.2696000 4.6795488 4.2500040 1.5103770 1.2374554 1.3230462 0.3190156 0.2894461 1.1990666 0.8836739 2.1867858 2.2068402 2.2690528 2.2815105 0.7474545 1.6120512 1.2852497 1.7022456 1.1638839 1.7699394 1.7270865 1.7434483 1.6996280 1.7973401 1.7688837 1.0462029 1.0462029 1.0443983 5.1547842 1.8860064 1.8580223 1.6827268 1.9673280 1.8807355 2.0188526 2.0114873 1.7514239 3.9294013 0.8942370 1.6472862 1.5740912 3.1444685 1.9146662 1.7818899 2.1910392 0.3343226 1.0968845 
Iphiclides-podalirius-emb|CAH2066551.1|   1.3569193 1.6800596 1.0997027 1.0924763 1.1208482 1.3523577 1.3134796 1.0712985 1.1078317 1.6238042 0.9101779 0.9249995 2.2166206 0.0337672 0.0355558 0.0000000 1.1630399 1.1630399 3.4893038 2.3015597 2.2953624 0.8765162 2.1448720 0.1730629 1.0859715 1.0859715 2.1960220 2.1666722 2.3161874 1.8904104 2.2279378 1.4469515 1.6299196 1.5803860 1.5639646 1.8262544 1.8297176 1.0034802 4.7225447 2.7046564 6.1986818 6.2027161 6.1806629 7.6860074 4.0924274 6.0655477 4.1138845 5.1454453 5.9066379 5.1491157 4.9015661 5.9076570 6.1582048 4.9902546 5.3264187 2.8584135 1.9769105 1.9882801 1.0427922 1.0427922 2.2379473 0.8237012 1.5475454 1.6487638 1.6351340 1.6763633 1.6416692 0.9897873 2.1671815 2.6595632 2.0180942 2.1046143 2.2362026 0.9783949 1.0961872 0.8045663 2.2011706 0.7817616 0.8218434 2.1054020 0.2489324 1.1197417 2.2048759 2.0208539 1.9359221 0.8737146 0.8625985 2.3097468 2.2421575 2.3276614 2.2735413 0.2587544 0.2694777 1.1371507 1.1429137 2.0736262 2.2229160 2.1001642 2.1641589 2.2474120 2.3361175 2.2479847 2.4903690 1.8679067 1.8496940 1.8496940 2.0159914 1.5877173 1.5684599 1.5684599 1.7114739 4.4094849 4.4541759 4.0937680 4.4040018 4.2754556 4.7020834 4.4776274 4.7223914 4.4891773 3.5012440 3.9298155 4.2667282 4.2253065 4.4471942 3.1547339 3.1547339 3.1547339 1.8174753 1.7607234 3.9334815 4.1862556 4.0031561 3.9404510 4.5019351 4.5068432 4.6311966 4.1939993 4.2624769 4.4647756 3.9036626 4.0457271 4.4912999 3.8349532 4.3923913 3.5828619 3.2559908 4.9655965 4.3192185 4.0790743 3.2696000 4.6795488 4.2500040 1.4699258 1.1218382 1.3230241 0.3105696 0.2648965 1.1318339 2.8025323 2.1938969 2.2143498 2.2768336 2.2895778 0.7154506 1.5540274 1.2852497 1.5974604 1.1638839 1.7699394 1.7312089 1.7481214 1.7025513 1.7922215 1.7634823 0.9999949 0.9999949 0.9981928 7.2642284 1.9041355 1.8671405 1.6997242 1.9351199 1.9078387 2.0188526 2.0102834 1.6657879 3.5694500 0.8512807 1.6281598 1.5740912 3.4008678 1.8882158 1.7917990 2.1193072 0.3279797 1.0968845 
Iphiclides-podalirius-emb|CAH2076751.1|   1.7245078 1.8422403 1.2127161 1.2118177 1.2118177 1.4827832 1.4841020 1.2949361 1.2949361 1.5695088 1.0265503 0.9984590 2.2432039 1.1798164 1.1798164 1.1630399 0.0000000 0.0000010 2.7005342 1.9009135 1.9009135 1.0016648 2.2488464 1.1423726 0.3382633 0.3382633 1.9440887 1.9537861 2.0096190 1.7994463 2.2848621 1.2637927 1.5540997 1.5015760 1.4003272 1.5929286 1.6986002 1.1672358 4.4014428 2.6521902 5.8488928 5.9898052 5.5961559 6.5122866 4.0377144 5.9489641 4.4164580 5.7822353 5.9380855 5.5560619 4.8381169 5.6208256 5.6390750 4.5475125 6.0735078 3.1249018 1.8601644 1.8525991 1.0709279 1.0709279 1.9112049 1.0960963 1.4621826 1.7135872 1.5889401 1.6080175 1.6779855 1.1381518 2.3356746 2.2385955 1.9405658 1.9006867 2.1064202 1.0355770 1.1588436 1.0448828 2.3180834 1.0544707 0.9969525 2.1448290 1.1449777 0.3273253 1.9428828 1.9044827 2.0423304 1.0881653 1.0841424 2.3885191 2.3368879 2.3688634 2.2779234 1.1102412 1.1220733 0.3297456 0.3377997 1.9393353 2.0188199 1.9389206 1.9033361 2.0003786 2.2146602 2.0481407 2.4744474 1.6802980 1.6664012 1.6664012 1.8372028 1.6124148 1.5983638 1.5983638 1.7580941 6.1854742 4.3839862 4.0721504 4.2989313 4.7101225 4.4501766 4.2529362 4.4728715 4.2684459 3.6211976 3.8483524 4.4570045 4.3940973 4.2276259 3.2569254 3.2569254 3.2569254 2.0209671 1.7789544 3.8596328 4.3806871 4.3236913 3.8918254 4.6645238 4.6812549 4.4854203 4.4968499 4.5753869 4.4524083 4.0289978 4.2388205 4.3151256 3.9605684 4.8118215 3.5967394 3.8920550 4.7638522 5.0172100 4.0242778 3.7535153 4.9757676 4.5028895 1.6740918 1.1813559 1.4747341 1.1652976 1.1515674 0.3662929 2.5194553 1.9546532 1.9779379 2.0214718 2.0391237 1.0218375 1.6142964 1.3680583 1.7533919 1.2204114 1.6178026 1.5193556 1.5233580 1.5323554 1.6151697 1.5939272 1.1355152 1.1355152 1.1424945 2.6384914 1.9136195 1.6989033 1.4860228 1.7881673 1.7885997 1.7574439 1.7369545 1.5404658 4.2365204 1.0099398 1.6705767 1.5388122 3.1667072 1.7939797 1.8602262 2.2441023 1.1162979 0.3107753 
Iphiclides-podalirius-emb|CAH2076753.1|   1.7245078 1.8422403 1.2400902 1.2419702 1.2419702 1.4738598 1.4841020 1.3344637 1.3344637 1.5695088 1.0559632 1.0432899 2.2765754 1.2016778 1.2016778 1.1630399 0.0000010 0.0000000 2.7005342 1.9310661 1.9310661 1.0262586 2.2918177 1.1423726 0.3342610 0.3382633 1.9863689 1.9537861 2.0552936 1.8057751 2.3145411 1.2637927 1.5540997 1.5015760 1.4855513 1.6232402 1.7325244 1.1918812 4.4014428 2.6801282 5.8488928 5.9898052 5.5961559 6.5122866 4.0581934 5.9489641 4.4343170 5.7822353 5.9380855 5.5560619 4.8381169 5.6208256 5.6390750 4.5253298 5.9270179 3.1650511 1.9122651 1.9050235 1.0932853 1.0932853 1.9505097 1.0960963 1.4778819 1.7250209 1.6043133 1.6364197 1.6906177 1.1586238 2.3356746 2.2983120 1.9405658 1.9490367 2.1560652 1.0604224 1.2083556 1.0448828 2.3583994 1.0544707 1.0216157 2.1773817 1.1666548 0.3273253 1.9743448 1.9564941 2.0423304 1.1133569 1.1091175 2.4078898 2.3368879 2.3751079 2.3043259 1.1317304 1.1435917 0.3297456 0.3311418 1.9881007 2.0600905 1.9754501 1.9296531 2.0383525 2.7000823 2.0770959 2.5562154 1.6760310 1.6622044 1.6622044 1.8318047 1.6124148 1.5983638 1.5983638 1.7580941 5.2450257 4.3839862 4.0721504 4.2989313 4.7101225 4.4501766 4.2529362 4.4728715 4.2684459 3.6211976 3.8718420 4.4254066 4.4525933 4.2331536 3.2569254 3.2569254 3.2569254 2.0412870 1.7974604 3.8596328 4.3806871 4.3236913 3.8918254 4.6645238 4.6812549 4.4854203 4.4968499 4.5753869 4.4524083 4.0289978 4.2388205 4.3396747 3.9605684 4.8118215 3.5967394 3.8920550 4.7638522 5.0172100 4.0242778 3.7535153 4.9757676 4.5028895 1.6849063 1.2157431 1.4747341 1.1869727 1.1562089 0.3662929 3.0035925 1.9718452 1.9951664 2.0848683 2.1027545 1.0420743 1.6322731 1.3680583 1.7879046 1.2204114 1.6178026 1.5561160 1.5602077 1.5323554 1.6151697 1.5939272 1.1560103 1.1560103 1.1629908 3.3834176 1.9210143 1.7105771 1.5087195 1.8345207 1.8225846 1.7574439 1.7468363 1.5404658 4.2365204 1.0346524 1.6705767 1.5388122 3.1944578 1.8293154 1.8635969 2.2832975 1.1379061 0.3107753 
Iphiclides-podalirius-emb|CAH2066545.1|   2.6104273 3.6869699 3.4248360 2.7383135 2.7383135 3.1643941 3.7230903 4.3664209 4.3664209 3.2968026 3.1318975 7.6079400 3.0592943 3.5566336 3.5566336 3.4893038 2.7005342 2.7005342 0.0000000 0.0048727 0.0048727 4.1911610 3.7405306 3.8443087 2.6726528 2.6726528 2.7720444 2.7720444 0.8420403 4.0574435 3.9114519 9.0000000 2.9335875 9.0000000 3.0502007 4.0153998 3.3921378 3.4041550 4.4355570 3.6759008 9.0000000 2.8803311 3.9125153 9.0000000 5.8305567 9.0000000 7.1038908 3.4695732 9.0000000 6.0085044 5.4060930 3.2360196 8.9999985 4.1823451 2.3815215 6.4985389 3.8872659 3.7760761 3.6040759 3.6040759 4.7061118 3.4804419 2.7144672 2.5128840 3.1749992 3.2289586 2.2288719 3.4033328 6.6566967 1.4502941 4.6099988 2.2110128 0.8507806 4.2185944 6.8551383 3.7429798 3.6441670 3.7429798 4.1550825 3.7483475 3.8429393 2.9645796 0.7086025 1.9631267 2.8882513 3.7382650 3.7382650 3.8631737 3.7990028 4.0979336 3.8689747 3.9068205 3.8378133 2.7811818 2.6721697 2.3226413 0.8682157 2.8635993 2.4158753 0.8466570 4.9560630 0.8806563 3.1904615 3.5074038 3.5074038 3.5074038 3.5074038 3.5150893 3.5150893 3.5150893 3.5150893 3.3844258 6.6664581 4.3784248 4.1072114 4.1643825 6.1476196 6.2225999 6.1476196 6.2225999 5.5737612 4.0278502 4.9896723 6.1217952 7.1591950 3.1612411 3.4893596 3.1040621 4.0451372 3.9265783 4.7795773 2.8472834 4.3831620 3.1058342 6.6687833 6.5507429 4.7980914 5.0894248 4.4330818 6.4556285 4.2183408 2.9724455 4.9131562 2.5783568 4.5157932 4.3549768 4.3794789 5.5678170 5.1088535 4.6322459 5.1415706 9.0000000 7.0905718 2.6417196 3.6155726 2.8212735 3.9055540 3.8942563 3.0648539 4.2910894 0.7036394 0.7036394 2.2875546 2.3062402 2.3954009 3.4198530 3.6387848 3.0170827 3.0334594 4.2038736 3.6715422 3.6607718 3.6293156 3.0895631 3.1209206 3.9339806 3.9339806 3.9339806 6.7459003 3.9665513 4.2896323 2.4830298 4.0128151 3.1392276 5.0590931 3.7743498 3.8300487 8.9999988 4.5970023 4.0422263 2.9860544 1.5538725 3.6735223 4.7364780 4.1910011 4.2529548 2.8198600 
